"ID","Address","City","State","Zip","lat","long","id","input_address","match_indicator","match_type","matched_address","tiger_line_id","tiger_side"
61501,"1431 POTOMAC AVE SE","WASHINGTON","DC",20003,38.880729811,-76.984482411,1,"1431 POTOMAC AVE SE, WASHINGTON, DC, 20003","Match","Exact","1431 POTOMAC AVE SE, WASHINGTON, DC, 20003",76230951,"R"
61502,"1431 RIVERPLACE BLVD","JACKSONVILLE","FL",32207,30.3185475440001,-81.656052237,2,"1431 RIVERPLACE BLVD, JACKSONVILLE, FL, 32207","Match","Exact","1431 RIVERPLACE BLVD, JACKSONVILLE, FL, 32207",639971428,"L"
61503,"1431 RIVERPLACE BOULEVARD","JACKSONVILLE","FL",32207,30.3185475440001,-81.656052237,3,"1431 RIVERPLACE BOULEVARD, JACKSONVILLE, FL, 32207","Match","Exact","1431 RIVERPLACE BLVD, JACKSONVILLE, FL, 32207",639971428,"L"
61504,"1431 S HIDDEN CREEK DR","SALINE","MI",48176,NA,NA,4,"1431 S HIDDEN CREEK DR, SALINE, MI, 48176","Tie",NA,NA,NA,NA
61505,"1431 S KINGSWAY ROAD  NUM 94","SEFFNER","FL",33583,NA,NA,5,"1431 S KINGSWAY ROAD  NUM 94, SEFFNER, FL, 33583","No_Match",NA,NA,NA,NA
61506,"1431 SARATOGA AVE APT 6","MORGANTOWN","WV",26505,39.654141576,-79.986774817,6,"1431 SARATOGA AVE APT 6, MORGANTOWN, WV, 26505","Match","Exact","1431 SARATOGA AVE, MORGANTOWN, WV, 26505",50770924,"L"
61507,"1431 SAVANNA DR","SHAKOPEE","MN",55379,44.7796196,-93.4584878649999,7,"1431 SAVANNA DR, SHAKOPEE, MN, 55379","Match","Exact","1431 SAVANNA DR, SHAKOPEE, MN, 55379",606968393,"R"
61508,"1431 SONORA RD NE","RIO RANCHO","NM",87144,35.2818654210001,-106.614916791,8,"1431 SONORA RD NE, RIO RANCHO, NM, 87144","Match","Exact","1431 SONORA RD NE, RIO RANCHO, NM, 87144",649615727,"R"
61509,"1431 ST CLAIR AVE","SHEBOYGAN","WI",53081,43.7574628990001,-87.7235062079999,9,"1431 ST CLAIR AVE, SHEBOYGAN, WI, 53081","Match","Exact","1431 SAINT CLAIR AVE, SHEBOYGAN, WI, 53081",79496733,"L"
61510,"1431 STAGE COACH RD","FRANKFORT","KY",40601,38.1445082400001,-84.978934849,10,"1431 STAGE COACH RD, FRANKFORT, KY, 40601","Match","Exact","1431 STAGE COACH RD, FRANKFORT, KY, 40601",97064064,"R"
61511,"1431 SYMMES ROAD UNIT B","FAIRFIELD","OH",45014,39.3495018,-84.531802904,11,"1431 SYMMES ROAD UNIT B, FAIRFIELD, OH, 45014","Match","Exact","1431 SYMMES RD, FAIRFIELD, OH, 45014",113798078,"R"
61512,"1431 TOWNSHIP ROAD 1238","ASHLAND","OH",44805,NA,NA,12,"1431 TOWNSHIP ROAD 1238, ASHLAND, OH, 44805","No_Match",NA,NA,NA,NA
61513,"1431 UNION STREET","BROOKLYN","NY",11213,40.6685704720001,-73.94408986,13,"1431 UNION STREET, BROOKLYN, NY, 11213","Match","Exact","1431 UNION ST, BROOKLYN, NY, 11213",59079692,"L"
61514,"1431 W 36TH STREET","LOS ANGELES","CA",90018,34.0227929260001,-118.301748041,14,"1431 W 36TH STREET, LOS ANGELES, CA, 90018","Match","Exact","1431 W 36TH ST, LOS ANGELES, CA, 90018",141606140,"R"
61515,"1431 W CARMEN AVE APT 2B","CHICAGO","IL",60640,41.974400444,-87.665690691,15,"1431 W CARMEN AVE APT 2B, CHICAGO, IL, 60640","Match","Non_Exact","1431 W CARMEN AVE, CHICAGO, IL, 60640",605158035,"L"
61516,"1431 WIRT RD","HOUSTON","TX",77055,29.7955680430001,-95.4849115379999,16,"1431 WIRT RD, HOUSTON, TX, 77055","Match","Exact","1431 WIRT RD, HOUSTON, TX, 77055",96635792,"L"
61517,"1431 WYLA WALK UNIT C","REDDING","CA",96003,40.5866133260001,-122.341320753,17,"1431 WYLA WALK UNIT C, REDDING, CA, 96003","Match","Exact","1431 WYLA WALK, REDDING, CA, 96003",650736649,"L"
61518,"14310 BENTLEY PARK DRIVE","BURTONSVILLE","MD",20866,39.0921664040001,-76.918644251,18,"14310 BENTLEY PARK DRIVE, BURTONSVILLE, MD, 20866","Match","Exact","14310 BENTLEY PARK DR, BURTONSVILLE, MD, 20866",650597764,"R"
61519,"14310 COFFEE BLUFF RD","SAVANNAH","GA",31419,31.9470684340001,-81.1469058289999,19,"14310 COFFEE BLUFF RD, SAVANNAH, GA, 31419","Match","Exact","14310 COFFEE BLUFF RD, SAVANNAH, GA, 31419",6207692,"L"
61520,"14310 DOUBLE SHOALS CIRCLE","HOUSTON","TX",77090,29.9894589240001,-95.444798189,20,"14310 DOUBLE SHOALS CIRCLE, HOUSTON, TX, 77090","Match","Exact","14310 DOUBLE SHOALS, HOUSTON, TX, 77090",635231201,"L"
61521,"14310 GRANT STREET 11-204","THORNTON","CO",80023,39.950206429,-104.983440277,21,"14310 GRANT STREET 11-204, THORNTON, CO, 80023","Match","Exact","14310 GRANT ST, THORNTON, CO, 80023",653320509,"R"
61522,"14310 KIRKWALL COURT","LIBERTYVILLE","IL",60048,42.3152741660001,-87.911050534,22,"14310 KIRKWALL COURT, LIBERTYVILLE, IL, 60048","Match","Exact","14310 KIRKWALL CT, LIBERTYVILLE, IL, 60048",119692770,"L"
61523,"14310 TRAYWICK DR","CHESTER","VA",23836,37.327866068,-77.3365369319999,23,"14310 TRAYWICK DR, CHESTER, VA, 23836","Match","Exact","14310 TRAYWICK DR, CHESTER, VA, 23836",201565219,"L"
61524,"14311  REESE BOULEVARD WEST","HUNTERSVILLE","NC",28078,35.4085546260001,-80.863220821,24,"14311  REESE BOULEVARD WEST, HUNTERSVILLE, NC, 28078","Match","Non_Exact","14311 REESE BLVD, HUNTERSVILLE, NC, 28078",70551613,"L"
61525,"14311 ASTRODOME DRIVE","SILVER SPRING","MD",20906,39.090702573,-77.050487172,25,"14311 ASTRODOME DRIVE, SILVER SPRING, MD, 20906","Match","Exact","14311 ASTRODOME DR, SILVER SPRING, MD, 20906",62109976,"R"
61526,"14311 BISCAYNE BLVD   SUITE 613591","MIAMI","FL",33261,NA,NA,26,"14311 BISCAYNE BLVD   SUITE 613591, MIAMI, FL, 33261","No_Match",NA,NA,NA,NA
61527,"14311 BISCAYNE BOULEVARD 1572","MIAMI","FL",33261,25.907495505,-80.158251262,27,"14311 BISCAYNE BOULEVARD 1572, MIAMI, FL, 33261","Match","Non_Exact","14311 BISCAYNE BLVD, MIAMI, FL, 33181",116036490,"R"
61528,"14311 COSSACKS PLACE","GLENDORA","CA",91741,NA,NA,28,"14311 COSSACKS PLACE, GLENDORA, CA, 91741","No_Match",NA,NA,NA,NA
61529,"14311 CYPRESS RIDGE DR","CYPRESS","TX",77429,30.0000747880001,-95.6372263009999,29,"14311 CYPRESS RIDGE DR, CYPRESS, TX, 77429","Match","Exact","14311 CYPRESS RIDGE DR, CYPRESS, TX, 77429",96163116,"R"
61530,"14311 DICKENS STREET SUITE 208 EAST","SHERMAN OAKS","CA",91423,34.148959437,-118.444323858,30,"14311 DICKENS STREET SUITE 208 EAST, SHERMAN OAKS, CA, 91423","Match","Exact","14311 DICKENS ST, SHERMAN OAKS, CA, 91423",642864022,"R"
61531,"14311 HARVEST GLEN COURT","HOUSTON","TX",77062,29.5931417730001,-95.131696147,31,"14311 HARVEST GLEN COURT, HOUSTON, TX, 77062","Match","Exact","14311 HARVEST GLEN CT, HOUSTON, TX, 77062",96545644,"R"
61532,"14311 NE 10TH ST","VANCOUVER","WA",98684,45.6291201170001,-122.525378627,32,"14311 NE 10TH ST, VANCOUVER, WA, 98684","Match","Exact","14311 NE 10TH ST, VANCOUVER, WA, 98684",158334950,"R"
61533,"14311 REESE BLVD SUITE A2 324","HUNTERSVILLE","NC",28078,35.4085546260001,-80.863220821,33,"14311 REESE BLVD SUITE A2 324, HUNTERSVILLE, NC, 28078","Match","Exact","14311 REESE BLVD, HUNTERSVILLE, NC, 28078",70551613,"L"
61534,"14311 REESE BLVD SUITE A2-316","HUNTERSVILLE","NC",28078,35.4085546260001,-80.863220821,34,"14311 REESE BLVD SUITE A2-316, HUNTERSVILLE, NC, 28078","Match","Exact","14311 REESE BLVD, HUNTERSVILLE, NC, 28078",70551613,"L"
61535,"14311 REESE BLVD","HUNTERSVILLE","NC",28078,35.4085546260001,-80.863220821,35,"14311 REESE BLVD, HUNTERSVILLE, NC, 28078","Match","Exact","14311 REESE BLVD, HUNTERSVILLE, NC, 28078",70551613,"L"
61536,"14311 SOUTH HALL COURT","CULPEPER","VA",22701,38.5007767770001,-77.981214699,36,"14311 SOUTH HALL COURT, CULPEPER, VA, 22701","Match","Exact","14311 S HALL CT, CULPEPER, VA, 22701",625093098,"R"
61537,"14311 WELLS POINT DRIVE","AUSTIN","TX",78728,NA,NA,37,"14311 WELLS POINT DRIVE, AUSTIN, TX, 78728","No_Match",NA,NA,NA,NA
61538,"14312 E WENTWORTH CT","WICHITA","KS",67230,37.7072026010001,-97.172546804,38,"14312 E WENTWORTH CT, WICHITA, KS, 67230","Match","Exact","14312 WENTWORTH CT, WICHITA, KS, 67230",115641229,"L"
61539,"14312 TURNER WOOTTON PKWY","UPPER MARLBORO","MD",20774,38.884115223,-76.758313892,39,"14312 TURNER WOOTTON PKWY, UPPER MARLBORO, MD, 20774","Match","Exact","14312 TURNER WOOTTON PKWY, UPPER MARLBORO, MD, 20774",624853607,"L"
61540,"14313 GENESSE TRAIL","AUSTIN","TX",78717,30.488229216,-97.795149416,40,"14313 GENESSE TRAIL, AUSTIN, TX, 78717","Match","Non_Exact","14313 GENESEE TRL, AUSTIN, TX, 78717",640715044,"L"
61541,"14313 GEORGIA AVENUE  STE 104","SILVER SPRING","MD",20906,39.0910273710001,-77.079721056,41,"14313 GEORGIA AVENUE  STE 104, SILVER SPRING, MD, 20906","Match","Exact","14313 GEORGIA AVE, SILVER SPRING, MD, 20906",640879452,"R"
61542,"14313 OLD COURTHOUSE WAY","NEWPORT NEWS","WV",23602,NA,NA,42,"14313 OLD COURTHOUSE WAY, NEWPORT NEWS, WV, 23602","No_Match",NA,NA,NA,NA
61543,"14313 SE MILL PLAIN BLVD","VANCOUVER","WA",98684,45.6178463460001,-122.525450993,43,"14313 SE MILL PLAIN BLVD, VANCOUVER, WA, 98684","Match","Exact","14313 SE MILL PLAIN BLVD, VANCOUVER, WA, 98684",636507381,"R"
61544,"14314 CASHEL WOOD DR","HOUSTON","TX",77069,29.988807412,-95.504758236,44,"14314 CASHEL WOOD DR, HOUSTON, TX, 77069","Match","Exact","14314 CASHEL WOOD DR, HOUSTON, TX, 77069",96009939,"R"
61545,"14314 N PRIMROSE ST","EL MIRAGE","AZ",85335,33.6135593440001,-112.321393335,45,"14314 N PRIMROSE ST, EL MIRAGE, AZ, 85335","Match","Exact","14314 N PRIMROSE ST, EL MIRAGE, AZ, 85335",128163204,"L"
61546,"14314 SANDY POINT ROAD","CHARLES CITY","VA",23030,37.2924138430001,-76.965375702,46,"14314 SANDY POINT ROAD, CHARLES CITY, VA, 23030","Match","Exact","14314 SANDY POINT RD, CHARLES CITY, VA, 23030",199506863,"R"
61547,"14314 SW 46TH TERRACE","MIAMI","FL",33175,25.722763098,-80.428341222,47,"14314 SW 46TH TERRACE, MIAMI, FL, 33175","Match","Exact","14314 SW 46 TER, MIAMI, FL, 33175",116301310,"L"
61548,"14315 BROOK DR","WOODBRIDGE","VA",22193,38.641299883,-77.311358167,48,"14315 BROOK DR, WOODBRIDGE, VA, 22193","Match","Exact","14315 BROOK DR, WOODBRIDGE, VA, 22193",76511077,"L"
61549,"14315 CORPORATE WAY SUITE B","MORENO VALLEY","CA",92553,NA,NA,49,"14315 CORPORATE WAY SUITE B, MORENO VALLEY, CA, 92553","No_Match",NA,NA,NA,NA
61550,"14315 W CYPRESS ST","GOODYEAR","AZ",85395,33.470742886,-112.367097178,50,"14315 W CYPRESS ST, GOODYEAR, AZ, 85395","Match","Exact","14315 W CYPRESS ST, GOODYEAR, AZ, 85395",128849416,"L"
61551,"14316 CONWAY MEADOWS CT","CHESTERFIELD","MO",63017,38.6450206230001,-90.518869926,51,"14316 CONWAY MEADOWS CT, CHESTERFIELD, MO, 63017","Match","Exact","14316 CONWAY MEADOWS CT, CHESTERFIELD, MO, 63017",618445351,"R"
61552,"14316 REESE BLVD WEST  B810","HUNTERSVILLE","NC",28078,35.4085919990001,-80.863221096,52,"14316 REESE BLVD WEST  B810, HUNTERSVILLE, NC, 28078","Match","Non_Exact","14316 REESE BLVD, HUNTERSVILLE, NC, 28078",70551613,"R"
61553,"14316 SE 77TH TER","OKLAHOMA CITY","OK",73150,35.3875563030001,-97.2754324479999,53,"14316 SE 77TH TER, OKLAHOMA CITY, OK, 73150","Match","Exact","14316 SE 77TH TER, OKLAHOMA CITY, OK, 73150",627668714,"L"
61554,"14317 144TH STREET EAST","ORTING","WA",98360,47.1253199160001,-122.238810555,54,"14317 144TH STREET EAST, ORTING, WA, 98360","Match","Exact","14317 144TH ST E, ORTING, WA, 98360",184689193,"R"
61555,"14317 E 2000 S RD","PEMBROKE","IL",60958,41.096704393,-87.593274327,55,"14317 E 2000 S RD, PEMBROKE, IL, 60958","Match","Non_Exact","14317 E 2000S RD, PEMBROKE TOWNSHIP, IL, 60958",98351149,"L"
61556,"14317 POTRANCO RD STE 205 -1001","SAN ANTONIO","TX",78245,NA,NA,56,"14317 POTRANCO RD STE 205 -1001, SAN ANTONIO, TX, 78245","No_Match",NA,NA,NA,NA
61557,"14317 RHIANNON LANE","HUNTERSVILLE","NC",28078,35.412834079,-80.928016086,57,"14317 RHIANNON LANE, HUNTERSVILLE, NC, 28078","Match","Exact","14317 RHIANNON LN, HUNTERSVILLE, NC, 28078",70604459,"L"
61558,"14317 SW 274TH STREET","HOMESTEAD","FL",33032,25.5127540870001,-80.4225721079999,58,"14317 SW 274TH STREET, HOMESTEAD, FL, 33032","Match","Exact","14317 SW 274TH ST, HOMESTEAD, FL, 33032",624741221,"R"
61559,"14318 COSSETTE WAY N","HUGO","MN",55038,45.157765312,-93.017681921,59,"14318 COSSETTE WAY N, HUGO, MN, 55038","Match","Non_Exact","14318 COSETTE WAY N, HUGO, MN, 55038",97841402,"L"
61560,"14318 ELLIS SPRINGS LANE","HUMBLE","TX",77396,29.9275543150001,-95.282312216,60,"14318 ELLIS SPRINGS LANE, HUMBLE, TX, 77396","Match","Exact","14318 ELLIS SPRINGS LN, HUMBLE, TX, 77396",637091517,"R"
61561,"14318 JENNE","CLEVELAND","OH",44110,41.563941888,-81.582681292,61,"14318 JENNE, CLEVELAND, OH, 44110","Match","Non_Exact","14318 JENNE AVE, CLEVELAND, OH, 44110",61120987,"R"
61562,"14318 PHEASANT HILL DRIVE","HOUSTON","TX",77014,29.983278259,-95.486598272,62,"14318 PHEASANT HILL DRIVE, HOUSTON, TX, 77014","Match","Exact","14318 PHEASANT HILL DR, HOUSTON, TX, 77014",96010986,"L"
61563,"14318 ROSLYN PLACE N","SEATTLE","WA",98133,47.732592298,-122.34071857,63,"14318 ROSLYN PLACE N, SEATTLE, WA, 98133","Match","Exact","14318 ROSLYN PL N, SEATTLE, WA, 98133",239760995,"R"
61564,"14318 SOUTH CAVE AVENUE","EL PASO","TX",79938,31.76989553,-106.222900419,64,"14318 SOUTH CAVE AVENUE, EL PASO, TX, 79938","Match","Exact","14318 S CAVE AVE, EL PASO, TX, 79938",642025067,"R"
61565,"14319 BINGHAM AVE E","TACOMA","WA",98446,47.1264207290001,-122.368109858,65,"14319 BINGHAM AVE E, TACOMA, WA, 98446","Match","Exact","14319 BINGHAM AVE E, TACOMA, WA, 98446",184633910,"L"
61566,"14319 DEL AMO DRIVE","VICTORVILLE","CA",92392,34.478456888,-117.350339092,66,"14319 DEL AMO DRIVE, VICTORVILLE, CA, 92392","Match","Exact","14319 DEL AMO DR, VICTORVILLE, CA, 92392",144743165,"L"
61567,"14319 SANDY RIPPLE COURT","SUGAR LAND","TX",77498,29.6078729270001,-95.680242999,67,"14319 SANDY RIPPLE COURT, SUGAR LAND, TX, 77498","Match","Exact","14319 SANDY RIPPLE CT, SUGAR LAND, TX, 77498",78334431,"L"
61568,"1432 14TH STREET","PLEASANT GROVE","AL",35127,33.475096706,-87.003201544,68,"1432 14TH STREET, PLEASANT GROVE, AL, 35127","Match","Exact","1432 14TH ST, PLEASANT GROVE, AL, 35127",646696541,"R"
61569,"1432 ADRIEL DR","FORT COLLINS","CO",80524,40.6072643420001,-105.0404075,69,"1432 ADRIEL DR, FORT COLLINS, CO, 80524","Match","Exact","1432 ADRIEL DR, FORT COLLINS, CO, 80524",188547639,"R"
61570,"1432 BROOKSIDE DRIVE","CARROLLTON","TX",75007,33.008906116,-96.919907942,70,"1432 BROOKSIDE DRIVE, CARROLLTON, TX, 75007","Match","Exact","1432 BROOKSIDE DR, CARROLLTON, TX, 75007",103397687,"L"
61571,"1432 CATALPA DRIVE","DAYTON","OH",45406,39.774517707,-84.224679895,71,"1432 CATALPA DRIVE, DAYTON, OH, 45406","Match","Exact","1432 CATALPA DR, DAYTON, OH, 45406",143567147,"R"
61572,"1432 CENTER ST","PITTSBURGH","PA",15221,40.447168133,-79.879521973,72,"1432 CENTER ST, PITTSBURGH, PA, 15221","Match","Exact","1432 CENTER ST, PITTSBURGH, PA, 15221",51648355,"R"
61573,"1432 E ENCINAS AVE","GILBERT","AZ",85234,33.3693740300001,-111.759675546,73,"1432 E ENCINAS AVE, GILBERT, AZ, 85234","Match","Exact","1432 E ENCINAS AVE, GILBERT, AZ, 85234",128367453,"L"
61574,"1432 E GIRARD PL 328A","ENGLEWOOD","CO",80113,39.6549598760001,-104.970906387,74,"1432 E GIRARD PL 328A, ENGLEWOOD, CO, 80113","Match","Non_Exact","1432 E GIRARD PL, ENGLEWOOD, CO, 80113",648193435,"L"
61575,"1432 E PEDRO RD","PHOENIX","AZ",85042,33.366240583,-112.05223468,75,"1432 E PEDRO RD, PHOENIX, AZ, 85042","Match","Exact","1432 E PEDRO RD, PHOENIX, AZ, 85042",649803214,"L"
61576,"1432 EAGLES NEST LANE","MONROEVILLE","PA",15146,40.442452932,-79.781567493,76,"1432 EAGLES NEST LANE, MONROEVILLE, PA, 15146","Match","Exact","1432 EAGLES NEST LN, MONROEVILLE, PA, 15146",617246503,"R"
61577,"1432 FALL RIVER DRIVE","CONYERS","GA",30013,33.6118232320001,-84.007127066,77,"1432 FALL RIVER DRIVE, CONYERS, GA, 30013","Match","Exact","1432 FALL RIVER DR, CONYERS, GA, 30013",635338961,"R"
61578,"1432 INDIANA AVE","LOUISVILLE","KY",40213,38.1955927870001,-85.7180196429999,78,"1432 INDIANA AVE, LOUISVILLE, KY, 40213","Match","Exact","1432 INDIANA AVE, LOUISVILLE, KY, 40213",96847762,"R"
61579,"1432 ISLETA CT","RIO RANCHO","NM",87144,35.3102704,-106.707681959,79,"1432 ISLETA CT, RIO RANCHO, NM, 87144","Match","Non_Exact","1432 ISLETA CT NE, RIO RANCHO, NM, 87144",611375037,"R"
61580,"1432 JOPPA ALY","COLORADO SPRINGS","CO",80910,NA,NA,80,"1432 JOPPA ALY, COLORADO SPRINGS, CO, 80910","No_Match",NA,NA,NA,NA
61581,"1432 LEA VIEW LANE","SALE CREEK","TN",37373,35.3446044200001,-85.101162102,81,"1432 LEA VIEW LANE, SALE CREEK, TN, 37373","Match","Exact","1432 LEA VIEW LN, SALE CREEK, TN, 37373",625622749,"L"
61582,"1432 MAIN STREET","BROWNDALE","PA",18421,41.6501314560001,-75.456661657,82,"1432 MAIN STREET, BROWNDALE, PA, 18421","Match","Exact","1432 MAIN ST, BROWNDALE, PA, 18421",140135689,"R"
61583,"1432 MARTIN DR","TROY","IL",62294,38.7083777240001,-89.891605565,83,"1432 MARTIN DR, TROY, IL, 62294","Match","Exact","1432 MARTIN DR, TROY, IL, 62294",627519874,"R"
61584,"1432 MEDWAY ROAD","COLUMBIA","SC",29205,34.006136698,-80.993124654,84,"1432 MEDWAY ROAD, COLUMBIA, SC, 29205","Match","Exact","1432 MEDWAY RD, COLUMBIA, SC, 29205",71824368,"R"
61585,"1432 MICHIGAN AVE","MIAMI BEACH","FL",33139,25.7860067190001,-80.13865276,85,"1432 MICHIGAN AVE, MIAMI BEACH, FL, 33139","Match","Non_Exact","1432 N MICHIGAN AVE, MIAMI BEACH, FL, 33139",116020436,"L"
61586,"1432 NARRAGANSETT BOULEVARD","CRANSTON","RI",2905,41.7717038420001,-71.3903550759999,86,"1432 NARRAGANSETT BOULEVARD, CRANSTON, RI, 2905","Match","Exact","1432 NARRAGANSETT BLVD, CRANSTON, RI, 02905",47472203,"L"
61587,"1432 NORSKE ROAD","DECORAH","IA",52101,43.2660892390001,-91.681789038,87,"1432 NORSKE ROAD, DECORAH, IA, 52101","Match","Exact","1432 NORSKE RD, DECORAH, IA, 52101",27523869,"L"
61588,"1432 NW 28 STREET","MIAMI","FL",33142,25.802231697,-80.220235546,88,"1432 NW 28 STREET, MIAMI, FL, 33142","Match","Exact","1432 NW 28TH ST, MIAMI, FL, 33142",116015450,"L"
61589,"1432 PAGE COURT","MODESTO","CA",95351,37.6364594730001,-120.972467469,89,"1432 PAGE COURT, MODESTO, CA, 95351","Match","Non_Exact","1432 PAGE CT, MODESTO, CA, 95354",615325371,"R"
61590,"1432 ROSE HILL DR W","JACKSONVILLE","FL",32221,30.2967289330001,-81.801780274,90,"1432 ROSE HILL DR W, JACKSONVILLE, FL, 32221","Match","Exact","1432 ROSE HILL DR W, JACKSONVILLE, FL, 32221",83930055,"L"
61591,"1432 S MAGNOLIA AVE","EL CAJON","CA",92020,NA,NA,91,"1432 S MAGNOLIA AVE, EL CAJON, CA, 92020","Tie",NA,NA,NA,NA
61592,"1432 S SAN LUIS","GREEN VALLEY","AZ",85614,31.849207301,-110.989406125,92,"1432 S SAN LUIS, GREEN VALLEY, AZ, 85614","Match","Exact","1432 SAN LUIS, GREEN VALLEY, AZ, 85614",121124179,"L"
61593,"1432 SILVERSTONE TRAIL","JONESBORO","GA",30238,33.490824451,-84.34412566,93,"1432 SILVERSTONE TRAIL, JONESBORO, GA, 30238","Match","Exact","1432 SILVERSTONE TRL, JONESBORO, GA, 30238",636102428,"L"
61594,"1432 SOUTH 13TH AVENUE","MAYWOOD","IL",60153,41.874257997,-87.8485442529999,94,"1432 SOUTH 13TH AVENUE, MAYWOOD, IL, 60153","Match","Exact","1432 S 13TH AVE, MAYWOOD, IL, 60153",111874560,"R"
61595,"1432 STERLING PLACE","BROOKLYN","NY",11213,40.671500135,-73.931403713,95,"1432 STERLING PLACE, BROOKLYN, NY, 11213","Match","Exact","1432 STERLING PL, BROOKLYN, NY, 11213",59079772,"R"
61596,"1432 STOCKYARD ROAD","PUEBLO","CO",81001,38.255856242,-104.586268271,96,"1432 STOCKYARD ROAD, PUEBLO, CO, 81001","Match","Exact","1432 STOCKYARD RD, PUEBLO, CO, 81001",105046193,"R"
61597,"1432 SUGARBERRY LN","SAINT CLOUD","FL",34772,28.2127752000001,-81.289685111,97,"1432 SUGARBERRY LN, SAINT CLOUD, FL, 34772","Match","Exact","1432 SUGARBERRY LN, SAINT CLOUD, FL, 34772",176684916,"L"
61598,"1432 SW 6TH AVE","PORTLAND","OR",97201,45.513992101,-122.681345419,98,"1432 SW 6TH AVE, PORTLAND, OR, 97201","Match","Exact","1432 SW 6TH AVE, PORTLAND, OR, 97201",638322136,"L"
61599,"1432 URBAN DRIVE","COLUMBUS","OH",43229,40.06646254,-82.9803377,99,"1432 URBAN DRIVE, COLUMBUS, OH, 43229","Match","Exact","1432 URBAN DR, COLUMBUS, OH, 43229",218695433,"L"
61600,"1432 W OLIVE","PORTERVILLE","CA",93257,36.065857839,-119.050644438,100,"1432 W OLIVE, PORTERVILLE, CA, 93257","Match","Non_Exact","1432 W OLIVE AVE, PORTERVILLE, CA, 93257",202786053,"R"
61601,"1432 WESTGATE PARKWAY","DOTHAN","AL",36303,31.2560144030001,-85.434096113,101,"1432 WESTGATE PARKWAY, DOTHAN, AL, 36303","Match","Exact","1432 WESTGATE PKWY, DOTHAN, AL, 36303",101212595,"R"
61602,"1432-1440 RANDOLPH AVENUE","AVENEL","NJ",7001,40.5973477590001,-74.259009208,102,"1432-1440 RANDOLPH AVENUE, AVENEL, NJ, 7001","Match","Exact","1432 RANDOLPH AVE, AVENEL, NJ, 07001",639707789,"L"
61603,"14320 82ND ST","MAYER","MN",55360,44.8554830080001,-93.885060467,103,"14320 82ND ST, MAYER, MN, 55360","Match","Exact","14320 82ND ST, MAYER, MN, 55360",235839800,"R"
61604,"14320 FM 1488","MAGNOLIA","TX",77354,30.228035607,-95.69370695,104,"14320 FM 1488, MAGNOLIA, TX, 77354","Match","Non_Exact","14320 FM 1488 RD, MAGNOLIA, TX, 77354",648590432,"L"
61605,"14320 SW 106 CT","MIAMI","FL",33176,25.635937159,-80.3660901379999,105,"14320 SW 106 CT, MIAMI, FL, 33176","Match","Exact","14320 SW 106TH CT, MIAMI, FL, 33176",115982005,"R"
61606,"14320 TROTTERS RIDGE PLACE","NOKESVILLE","MH",20181,NA,NA,106,"14320 TROTTERS RIDGE PLACE, NOKESVILLE, MH, 20181","No_Match",NA,NA,NA,NA
61607,"14320 VENTURA BLVD  SUITE 418","SHERMAN OAKS","CA",91423,34.150188961,-118.444326632,107,"14320 VENTURA BLVD  SUITE 418, SHERMAN OAKS, CA, 91423","Match","Exact","14320 VENTURA BLVD, SHERMAN OAKS, CA, 91423",141562393,"L"
61608,"14320 VENTURA BLVD 402","SHERMAN OAKS","CA",91423,34.150188961,-118.444326632,108,"14320 VENTURA BLVD 402, SHERMAN OAKS, CA, 91423","Match","Exact","14320 VENTURA BLVD, SHERMAN OAKS, CA, 91423",141562393,"L"
61609,"14320 WESTWAY LN APT 13","WOODBRIDGE","VA",22193,38.6416797050001,-77.34016639,109,"14320 WESTWAY LN APT 13, WOODBRIDGE, VA, 22193","Match","Exact","14320 WESTWAY LN, WOODBRIDGE, VA, 22193",207153853,"R"
61610,"14321 DETROIT RD","LAKEWOOD","OH",44107,41.485419156,-81.7939386689999,110,"14321 DETROIT RD, LAKEWOOD, OH, 44107","Match","Exact","14321 DETROIT RD, LAKEWOOD, OH, 44107",61100228,"L"
61611,"14321 LONG ROAD","SMITHVILLE","MO",64089,39.352940753,-94.510188168,111,"14321 LONG ROAD, SMITHVILLE, MO, 64089","Match","Exact","14321 LONG RD, SMITHVILLE, MO, 64089",89752172,"R"
61612,"14321 OXFORD DRIVE","LAUREL","MD",20707,39.0892765560001,-76.866176965,112,"14321 OXFORD DRIVE, LAUREL, MD, 20707","Match","Exact","14321 OXFORD DR, LAUREL, MD, 20707",76335431,"L"
61613,"14321 SPRINGFIELD BLVD","SPRINGFIELD GARDENS","NY",11413,NA,NA,113,"14321 SPRINGFIELD BLVD, SPRINGFIELD GARDENS, NY, 11413","No_Match",NA,NA,NA,NA
61614,"14321 SW 286 STREET","LEISURE CITY","FL",33033,25.5010514620001,-80.422877109,114,"14321 SW 286 STREET, LEISURE CITY, FL, 33033","Match","Non_Exact","14321 SW 286TH ST, HOMESTEAD, FL, 33033",115990748,"R"
61615,"14321 WATERFORD CHASE PARKWAY","ORLANDO","FL",32828,28.547386062,-81.1686156219999,115,"14321 WATERFORD CHASE PARKWAY, ORLANDO, FL, 32828","Match","Exact","14321 WATERFORD CHASE PKWY, ORLANDO, FL, 32828",94408968,"L"
61616,"14322 ADMIRALTY WAY UNIT 87","LYNNWOOD","WA",98087,47.8690188910001,-122.271754799,116,"14322 ADMIRALTY WAY UNIT 87, LYNNWOOD, WA, 98087","Match","Exact","14322 ADMIRALTY WAY, LYNNWOOD, WA, 98087",628001388,"L"
61617,"14322 FAIR KNOLL WAY","HOUSTON","TX",77062,29.5888792920001,-95.136736895,117,"14322 FAIR KNOLL WAY, HOUSTON, TX, 77062","Match","Exact","14322 FAIR KNOLL WAY, HOUSTON, TX, 77062",96552039,"R"
61618,"14322 MAYWOOD COURT","PRAIRIEVILLE","LA",70769,30.279284993,-90.9765597379999,118,"14322 MAYWOOD COURT, PRAIRIEVILLE, LA, 70769","Match","Non_Exact","14322 MAYWOOD DR, PRAIRIEVILLE, LA, 70769",627250437,"R"
61619,"14323 19TH PL W","LYNNWOOD","WA",98087,47.8681309460001,-122.259650062,119,"14323 19TH PL W, LYNNWOOD, WA, 98087","Match","Exact","14323 19TH PL W, LYNNWOOD, WA, 98087",648623523,"L"
61620,"14323 ADEN ROAD","NOKESVILLE","VA",20181,38.6387266260001,-77.4901387259999,120,"14323 ADEN ROAD, NOKESVILLE, VA, 20181","Match","Exact","14323 ADEN RD, NOKESVILLE, VA, 20181",634545759,"L"
61621,"14323 CERISE AVE APT 15","HAWTHORNE","CA",90250,33.901095582,-118.333000451,121,"14323 CERISE AVE APT 15, HAWTHORNE, CA, 90250","Match","Exact","14323 CERISE AVE, HAWTHORNE, CA, 90250",647693982,"R"
61622,"14323 DUNROBIN WAY","SUGAR LAND","TX",77498,29.607859945,-95.675483216,122,"14323 DUNROBIN WAY, SUGAR LAND, TX, 77498","Match","Exact","14323 DUNROBIN WAY, SUGAR LAND, TX, 77498",624821461,"R"
61623,"14323 MORAVIAN MANOR CIR","STERLING HEIGHTS","MI",48312,42.553534654,-82.978251552,123,"14323 MORAVIAN MANOR CIR, STERLING HEIGHTS, MI, 48312","Match","Exact","14323 MORAVIAN MANOR CIR, STERLING HEIGHTS, MI, 48312",618494159,"L"
61624,"14323 SE 128TH ST","OCKLAWAHA","FL",32179,29.035744245,-81.915776744,124,"14323 SE 128TH ST, OCKLAWAHA, FL, 32179","Match","Exact","14323 SE 128TH ST, OCKLAWAHA, FL, 32179",608610871,"R"
61625,"14323 SO WESTERN AVE","BLUE ISLAND","IL",60426,41.632629202,-87.6773474509999,125,"14323 SO WESTERN AVE, BLUE ISLAND, IL, 60426","Match","Non_Exact","14323 WESTERN AVE, BLUE ISLAND, IL, 60406",111826991,"L"
61626,"14323 SW 91ST ST","ARCHER","FL",32618,29.5231981310001,-82.439756421,126,"14323 SW 91ST ST, ARCHER, FL, 32618","Match","Exact","14323 SW 91 ST, ARCHER, FL, 32618",647845848,"R"
61627,"143231","FAYETTEVILE","GA",30214,NA,NA,127,"143231, FAYETTEVILE, GA, 30214","No_Match",NA,NA,NA,NA
61628,"14324 W DESERT FLOWER DR","GOODYEAR","AZ",85395,33.465986403,-112.367146359,128,"14324 W DESERT FLOWER DR, GOODYEAR, AZ, 85395","Match","Exact","14324 W DESERT FLOWER DR, GOODYEAR, AZ, 85395",637438651,"R"
61629,"14325 BEN NEVIS AVE","NORWALK","CA",90650,33.9017456760001,-118.056950509,129,"14325 BEN NEVIS AVE, NORWALK, CA, 90650","Match","Exact","14325 BEN NEVIS AVE, NORWALK, CA, 90650",141749184,"R"
61630,"14325 EDINBURGH MOOR DR","WIMAUMA","FL",33598,27.762596994,-82.326654871,130,"14325 EDINBURGH MOOR DR, WIMAUMA, FL, 33598","Match","Exact","14325 EDINBURGH MOOR DR, WIMAUMA, FL, 33598",646573694,"R"
61631,"14325 GOLDENWEST ST","WESTMINSTER","CA",92683,33.7549524120001,-118.007124513,131,"14325 GOLDENWEST ST, WESTMINSTER, CA, 92683","Match","Exact","14325 GOLDENWEST ST, WESTMINSTER, CA, 92683",144004642,"R"
61632,"14325 SW 139 CT","MIAMI","FL",33186,25.6344238680001,-80.419830512,132,"14325 SW 139 CT, MIAMI, FL, 33186","Match","Non_Exact","14325 SW 139TH CT, MIAMI, FL, 33186",642156169,"L"
61633,"14325 SW 52ND ST","MIAMI","FL",33175,25.716041703,-80.426008102,133,"14325 SW 52ND ST, MIAMI, FL, 33175","Match","Exact","14325 SW 52ND ST, MIAMI, FL, 33175",116069573,"R"
61634,"14327 FAIR FOREST LANE","TALLAHASSEE","FL",32312,30.6684247950001,-84.272150846,134,"14327 FAIR FOREST LANE, TALLAHASSEE, FL, 32312","Match","Exact","14327 FAIR FOREST LN, TALLAHASSEE, FL, 32312",82877047,"R"
61635,"14328 104TH STREET","COAL VALLEY","IL",61240,41.3727527360001,-90.46742051,135,"14328 104TH STREET, COAL VALLEY, IL, 61240","Match","Exact","14328 104TH ST, COAL VALLEY, IL, 61240",9224062,"L"
61636,"14328 CORONADO DR","SPRINGHILL","FL",34609,28.475771557,-82.50282298,136,"14328 CORONADO DR, SPRINGHILL, FL, 34609","Match","Non_Exact","14328 CORONADO DR, SPRING HILL, FL, 34609",85436186,"R"
61637,"1433 12TH AVENUE","OAKLAND","CA",94606,37.790856316,-122.247700876,137,"1433 12TH AVENUE, OAKLAND, CA, 94606","Match","Exact","1433 12TH AVE, OAKLAND, CA, 94606",125001502,"L"
61638,"1433 19TH ST SE","ST CLOUD","MN",56304,45.5440852030001,-94.1332774479999,138,"1433 19TH ST SE, ST CLOUD, MN, 56304","Match","Exact","1433 19TH ST SE, SAINT CLOUD, MN, 56304",97784211,"R"
61639,"1433 2ND AVE SOUTH","DENISON","IA",51442,42.014498309,-95.353141455,139,"1433 2ND AVE SOUTH, DENISON, IA, 51442","Match","Exact","1433 2ND AVE S, DENISON, IA, 51442",82261799,"L"
61640,"1433 BAY HEAD RD","ANNAPOLIS","MD",21409,39.041400793,-76.4231939969999,140,"1433 BAY HEAD RD, ANNAPOLIS, MD, 21409","Match","Exact","1433 BAY HEAD RD, ANNAPOLIS, MD, 21409",68179873,"L"
61641,"1433 BOZEMAN TRAIL RD","BOZEMAN","MT",59715,NA,NA,141,"1433 BOZEMAN TRAIL RD, BOZEMAN, MT, 59715","No_Match",NA,NA,NA,NA
61642,"1433 CARPENTER TOWN LN","CARY","NC",27519,35.823031611,-78.866441946,142,"1433 CARPENTER TOWN LN, CARY, NC, 27519","Match","Exact","1433 CARPENTER TOWN LN, CARY, NC, 27519",612816602,"L"
61643,"1433 E FRANKLIN AVE SUITE 16","MINNEAPOLIS","MN",55404,44.9627403480001,-93.253497641,143,"1433 E FRANKLIN AVE SUITE 16, MINNEAPOLIS, MN, 55404","Match","Non_Exact","1433 E FRANKLIN AVE, MINNEAPOLIS, MN, 55404",636264544,"R"
61644,"1433 E FRANKLIN AVENUE SUITE 5B","MINNEAPOLIS","MN",55404,44.9627403480001,-93.253497641,144,"1433 E FRANKLIN AVENUE SUITE 5B, MINNEAPOLIS, MN, 55404","Match","Non_Exact","1433 E FRANKLIN AVE, MINNEAPOLIS, MN, 55404",636264544,"R"
61645,"1433 E GARY RD","LAKELAND","FL",33801,28.049586214,-81.935589196,145,"1433 E GARY RD, LAKELAND, FL, 33801","Match","Exact","1433 E GARY RD, LAKELAND, FL, 33801",104811446,"R"
61646,"1433 E WOOD OAKS STREET","SPRINGFIELD","MO",65804,37.112443689,-93.271470472,146,"1433 E WOOD OAKS STREET, SPRINGFIELD, MO, 65804","Match","Exact","1433 E WOOD OAKS ST, SPRINGFIELD, MO, 65804",618792113,"R"
61647,"1433 FERGUS RD","GROVE CITY","OH",43123,39.8674390480001,-83.041902404,147,"1433 FERGUS RD, GROVE CITY, OH, 43123","Match","Exact","1433 FERGUS RD, GROVE CITY, OH, 43123",627326552,"L"
61648,"1433 FOREST VILLA DRIVE","CONYERS","GA",30012,33.6811969620001,-84.026800827,148,"1433 FOREST VILLA DRIVE, CONYERS, GA, 30012","Match","Non_Exact","1433 FOREST VILLA DR NW, CONYERS, GA, 30012",23744968,"R"
61649,"1433 FRANKLIN AVENUE E","MINNEAPOLIS","MN",55404,NA,NA,149,"1433 FRANKLIN AVENUE E, MINNEAPOLIS, MN, 55404","No_Match",NA,NA,NA,NA
61650,"1433 GILHAM STREET","PHILADELPHIA","PA",19111,40.0421188080001,-75.0765692959999,150,"1433 GILHAM STREET, PHILADELPHIA, PA, 19111","Match","Exact","1433 GILHAM ST, PHILADELPHIA, PA, 19111",652295015,"L"
61651,"1433 GLASGOW RD","FORT WORTH","TX",76134,32.6633150420001,-97.3059877969999,151,"1433 GLASGOW RD, FORT WORTH, TX, 76134","Match","Exact","1433 GLASGOW RD, FORT WORTH, TX, 76134",101895510,"L"
61652,"1433 HIGHLAND AVE","PLAINFIELD","NJ",7060,40.616313387,-74.4014438,152,"1433 HIGHLAND AVE, PLAINFIELD, NJ, 7060","Match","Exact","1433 HIGHLAND AVE, PLAINFIELD, NJ, 07060",60560795,"L"
61653,"1433 HOYT ST","LAKEWOOD","CO",80215,39.7390002700001,-105.103691336,153,"1433 HOYT ST, LAKEWOOD, CO, 80215","Match","Exact","1433 HOYT ST, LAKEWOOD, CO, 80215",639432456,"L"
61654,"1433 HURON ROAD","NORTH BRUNSWICK","NJ",8902,40.4678956390001,-74.4926354569999,154,"1433 HURON ROAD, NORTH BRUNSWICK, NJ, 8902","Match","Exact","1433 HURON RD, N BRUNSWICK, NJ, 08902",60327234,"R"
61655,"1433 LANIER RD","LAKELAND","FL",33810,28.1557508710001,-81.9773782089999,155,"1433 LANIER RD, LAKELAND, FL, 33810","Match","Exact","1433 LANIER RD, LAKELAND, FL, 33810",104806668,"R"
61656,"1433 MISSION DR W","CLEARWATER","FL",33759,27.9768802450001,-82.715736025,156,"1433 MISSION DR W, CLEARWATER, FL, 33759","Match","Exact","1433 MISSION DR W, CLEARWATER, FL, 33759",124683583,"R"
61657,"1433 N WATER ST","MILWAUKEE","WI",53202,43.048448894,-87.9099683379999,157,"1433 N WATER ST, MILWAUKEE, WI, 53202","Match","Exact","1433 N WATER ST, MILWAUKEE, WI, 53202",650172380,"L"
61658,"1433 NE 46TH AVE","PORTLAND","OR",97213,45.5333207240001,-122.616145946,158,"1433 NE 46TH AVE, PORTLAND, OR, 97213","Match","Exact","1433 NE 46TH AVE, PORTLAND, OR, 97213",157511750,"L"
61659,"1433 NE 5 TERRACE","FORT LAUDERDALE","FL",33304,26.1453402880001,-80.1387815319999,159,"1433 NE 5 TERRACE, FORT LAUDERDALE, FL, 33304","Match","Exact","1433 NE 5TH TER, FORT LAUDERDALE, FL, 33304",114722191,"L"
61660,"1433 NEESES HIGHWAY","ORANGEBURG","SC",29115,33.5017017910001,-80.942975974,160,"1433 NEESES HIGHWAY, ORANGEBURG, SC, 29115","Match","Exact","1433 NEESES HWY, ORANGEBURG, SC, 29115",19226532,"L"
61661,"1433 NORTH 6 1/2 STREET","TERRE HAUTE","IN",47807,39.4830578940001,-87.408904395,161,"1433 NORTH 6 1/2 STREET, TERRE HAUTE, IN, 47807","Match","Exact","1433 N 6TH 1/2 ST, TERRE HAUTE, IN, 47807",27113453,"R"
61662,"1433 NORTH MERIDIAN ST SUITE 202","INDIANAPOLIS","IN",46202,39.7863176970001,-86.1573352629999,162,"1433 NORTH MERIDIAN ST SUITE 202, INDIANAPOLIS, IN, 46202","Match","Exact","1433 N MERIDIAN ST, INDIANAPOLIS, IN, 46202",107989617,"R"
61663,"1433 NORWOOD DRIVE","LILBURN","GA",30047,33.842815682,-84.107483424,163,"1433 NORWOOD DRIVE, LILBURN, GA, 30047","Match","Non_Exact","1433 NORWOOD DR SW, LILBURN, GA, 30047",88887902,"R"
61664,"1433 QUEENIE SMITH ROAD NORTHEAST","CONYERS","GA",30012,33.6817387460001,-83.968707213,164,"1433 QUEENIE SMITH ROAD NORTHEAST, CONYERS, GA, 30012","Match","Exact","1433 QUEENIE SMITH RD NE, CONYERS, GA, 30012",23743507,"R"
61665,"1433 REDPOST COURT","DIAMOND BAR","CA",91765,33.99568695,-117.82947946,165,"1433 REDPOST COURT, DIAMOND BAR, CA, 91765","Match","Exact","1433 REDPOST CT, DIAMOND BAR, CA, 91765",141736408,"R"
61666,"1433 RIDGEVIEW DRIVE","MONTEVIDEO","MN",56265,44.962113393,-95.724578136,166,"1433 RIDGEVIEW DRIVE, MONTEVIDEO, MN, 56265","Match","Exact","1433 RIDGEVIEW DR, MONTEVIDEO, MN, 56265",36682318,"L"
61667,"1433 ROYAL OAKS DRIVE","STOCKTON","CA",95209,38.0368311190001,-121.330892603,167,"1433 ROYAL OAKS DRIVE, STOCKTON, CA, 95209","Match","Exact","1433 ROYAL OAKS DR, STOCKTON, CA, 95209",133843963,"R"
61668,"1433 S 8TH STREET","MANITOWOC","WI",54220,44.081477105,-87.657842804,168,"1433 S 8TH STREET, MANITOWOC, WI, 54220","Match","Exact","1433 S 8TH ST, MANITOWOC, WI, 54220",147950583,"L"
61669,"1433 SOUTH 8TH STREET","MANITOWOC","WI",54220,44.081485926,-87.657843025,169,"1433 SOUTH 8TH STREET, MANITOWOC, WI, 54220","Match","Exact","1433 S 8TH ST, MANITOWOC, WI, 54220",147950583,"L"
61670,"1433 SOUTH EIGHTH STREET","MANITOWC","WI",54220,44.081485926,-87.657843025,170,"1433 SOUTH EIGHTH STREET, MANITOWC, WI, 54220","Match","Non_Exact","1433 S 8TH ST, MANITOWOC, WI, 54220",147950583,"L"
61671,"1433 VIOLET LANE","KYLE","TX",78640,29.9829075100001,-97.841411772,171,"1433 VIOLET LANE, KYLE, TX, 78640","Match","Exact","1433 VIOLET LN, KYLE, TX, 78640",650929416,"L"
61672,"1433 W 81ST STREET","LOS ANGELES","CA",90047,33.9654958030001,-118.301039744,172,"1433 W 81ST STREET, LOS ANGELES, CA, 90047","Match","Exact","1433 W 81ST ST, LOS ANGELES, CA, 90047",141658932,"R"
61673,"1433 W 82ND ST","LOS ANGELES","CA",90047,33.964595348,-118.301232701,173,"1433 W 82ND ST, LOS ANGELES, CA, 90047","Match","Exact","1433 W 82ND ST, LOS ANGELES, CA, 90047",652037524,"R"
61674,"1433 W BERTEAU AVE","CHICAGO","IL",60613,41.957993534,-87.665815763,174,"1433 W BERTEAU AVE, CHICAGO, IL, 60613","Match","Exact","1433 W BERTEAU AVE, CHICAGO, IL, 60613",605175189,"L"
61675,"1433 W OAKDALE AVE UNIT 2F","CHICAGO","IL",60657,41.935191945,-87.6645256799999,175,"1433 W OAKDALE AVE UNIT 2F, CHICAGO, IL, 60657","Match","Non_Exact","1433 W OAKDALE AVE, CHICAGO, IL, 60657",111762333,"L"
61676,"1433 WHITE OPAL DRIVE","KNIGHTDALE","NC",27545,35.745164706,-78.456974437,176,"1433 WHITE OPAL DRIVE, KNIGHTDALE, NC, 27545","Match","Exact","1433 WHITE OPAL DR, KNIGHTDALE, NC, 27545",612818373,"L"
61677,"14330 MIDWAY RD STE 116","DALLAS","TX",75244,NA,NA,177,"14330 MIDWAY RD STE 116, DALLAS, TX, 75244","No_Match",NA,NA,NA,NA
61678,"14330 N 73RD E AVE","COLLINSVILLE","OK",74021,NA,NA,178,"14330 N 73RD E AVE, COLLINSVILLE, OK, 74021","No_Match",NA,NA,NA,NA
61679,"14330 NORTH CREEK DRIVE APT1422","MILL CREEK","WA",98012,47.86718533,-122.218984024,179,"14330 NORTH CREEK DRIVE APT1422, MILL CREEK, WA, 98012","Match","Exact","14330 N CREEK DR, MILL CREEK, WA, 98012",608934730,"L"
61680,"14330 WANDERING WOOD DR","HOUSTON","TX",77013,29.8022263030001,-95.168349994,180,"14330 WANDERING WOOD DR, HOUSTON, TX, 77013","Match","Non_Exact","14330 WANDERING WOOD DR, HOUSTON, TX, 77015",96127480,"R"
61681,"14330 WEST 99TH STREET","LENEXA","KS",66215,38.949237856,-94.752421808,181,"14330 WEST 99TH STREET, LENEXA, KS, 66215","Match","Exact","14330 W 99TH ST, LENEXA, KS, 66215",91326840,"R"
61682,"14331 124TH AVE NE C41","KIRKLAND","WA",98034,47.7304482150001,-122.175617566,182,"14331 124TH AVE NE C41, KIRKLAND, WA, 98034","Match","Exact","14331 124TH AVE NE, KIRKLAND, WA, 98034",186600204,"L"
61683,"14331 SANDERSON AVE","DOLTON","IL",60419,41.634175946,-87.601480886,183,"14331 SANDERSON AVE, DOLTON, IL, 60419","Match","Exact","14331 SANDERSON AVE, DOLTON, IL, 60419",111779161,"L"
61684,"14331 SW 268 ST APT 311","NARANJA","FL",33032,25.5179907030001,-80.422844411,184,"14331 SW 268 ST APT 311, NARANJA, FL, 33032","Match","Non_Exact","14331 SW 268TH ST, NARANJA, FL, 33032",115990243,"R"
61685,"14332 SW 110 AVE","MIAMI","FM",33176,NA,NA,185,"14332 SW 110 AVE, MIAMI, FM, 33176","No_Match",NA,NA,NA,NA
61686,"14333 BEACH BLVD STE 33","JACKSONVILLE","FL",32250,30.287922818,-81.4386097779999,186,"14333 BEACH BLVD STE 33, JACKSONVILLE, FL, 32250","Match","Exact","14333 BEACH BLVD, JACKSONVILLE, FL, 32250",629624368,"L"
61687,"14333 BEACH BLVD UNIT 4","JACKSONVILLE","FL",32225,30.287922818,-81.4386097779999,187,"14333 BEACH BLVD UNIT 4, JACKSONVILLE, FL, 32225","Match","Non_Exact","14333 BEACH BLVD, JACKSONVILLE, FL, 32250",629624368,"L"
61688,"14333 FERN DRIVE","HOUSTON","TX",77079,29.775011797,-95.5992184739999,188,"14333 FERN DRIVE, HOUSTON, TX, 77079","Match","Exact","14333 FERN DR, HOUSTON, TX, 77079",96629603,"L"
61689,"14333 FISH EAGLE DR EAST","JACKSONVILLE","FL",32226,NA,NA,189,"14333 FISH EAGLE DR EAST, JACKSONVILLE, FL, 32226","No_Match",NA,NA,NA,NA
61690,"14333 KIMONO CIR","BOYDS","MD",20841,39.1609163630001,-77.295889436,190,"14333 KIMONO CIR, BOYDS, MD, 20841","Match","Non_Exact","14333 KIMONO, BOYDS, MD, 20841",618605970,"R"
61691,"14333 WESTWAY LANE APT 5","WOODBRIDGE","VA",22193,38.6413618890001,-77.339286148,191,"14333 WESTWAY LANE APT 5, WOODBRIDGE, VA, 22193","Match","Exact","14333 WESTWAY LN, WOODBRIDGE, VA, 22193",76514130,"L"
61692,"14334 ADDISON ST UNIT 9","SHERMAN OAKS","CA",91423,34.1612266600001,-118.445062803,192,"14334 ADDISON ST UNIT 9, SHERMAN OAKS, CA, 91423","Match","Exact","14334 ADDISON ST, SHERMAN OAKS, CA, 91423",141561627,"L"
61693,"14334 BARCLAY ST","DEARBORN","MI",48126,42.317855711,-83.180632514,193,"14334 BARCLAY ST, DEARBORN, MI, 48126","Match","Exact","14334 BARCLAY ST, DEARBORN, MI, 48126",95444078,"R"
61694,"14334 SPRING MEADOW COURT","LIBERTYVILLE","IL",60048,42.2826420150001,-87.912396831,194,"14334 SPRING MEADOW COURT, LIBERTYVILLE, IL, 60048","Match","Exact","14334 SPRING MEADOW CT, LIBERTYVILLE, IL, 60048",119692722,"L"
61695,"14334 WEST MARCUS DRIVE","SURPRISE","AZ",85374,33.646431084,-112.369448252,195,"14334 WEST MARCUS DRIVE, SURPRISE, AZ, 85374","Match","Exact","14334 W MARCUS DR, SURPRISE, AZ, 85374",128412197,"L"
61696,"14335 AVALON RESERVE BLVD APT 303","ORLANDO","FL",32828,NA,NA,196,"14335 AVALON RESERVE BLVD APT 303, ORLANDO, FL, 32828","No_Match",NA,NA,NA,NA
61697,"14336 E TENNESSEE AVE - APT 107","AURORA","CO",80012,39.6981228930001,-104.821288188,197,"14336 E TENNESSEE AVE - APT 107, AURORA, CO, 80012","Match","Non_Exact","14336 E TENNESSEE AVE, AURORA, CO, 80012",645237789,"L"
61698,"14337 BLACKBURN ST","LIVONIA","MI",48154,42.3881091700001,-83.3615151939999,198,"14337 BLACKBURN ST, LIVONIA, MI, 48154","Match","Exact","14337 BLACKBURN ST, LIVONIA, MI, 48154",95413032,"L"
61699,"14337 HARRIS RD","MILLINGTON","MI",48746,43.2181557910001,-83.550164475,199,"14337 HARRIS RD, MILLINGTON, MI, 48746","Match","Exact","14337 HARRIS RD, MILLINGTON, MI, 48746",69586671,"L"
61700,"14337 PIONEER BLVD 46","NORWALK","CA",90650,NA,NA,200,"14337 PIONEER BLVD 46, NORWALK, CA, 90650","No_Match",NA,NA,NA,NA
61701,"14338 BEAKER CT","BURTONSVILLE","MD",20866,39.090706992,-76.934163375,201,"14338 BEAKER CT, BURTONSVILLE, MD, 20866","Match","Exact","14338 BEAKER CT, BURTONSVILLE, MD, 20866",636901270,"R"
61702,"14338 OWENDALE DR","HOUSTON","TX",77015,29.8060585870001,-95.168206864,202,"14338 OWENDALE DR, HOUSTON, TX, 77015","Match","Exact","14338 OWENDALE DR, HOUSTON, TX, 77015",96127355,"L"
61703,"14339 JEFFERSON DAVIS HWY","WOODBRIDGE","VA",22191,38.641444343,-77.2663956499999,203,"14339 JEFFERSON DAVIS HWY, WOODBRIDGE, VA, 22191","Match","Exact","14339 JEFFERSON DAVIS HWY, WOODBRIDGE, VA, 22191",76511449,"L"
61704,"14339 PERUGIA WAY APT 107","CHARLOTTE","NC",28273,35.1068993430001,-80.9815714,204,"14339 PERUGIA WAY APT 107, CHARLOTTE, NC, 28273","Match","Exact","14339 PERUGIA WAY, CHARLOTTE, NC, 28273",641605993,"L"
61705,"1434  DUKE ST","ALEXANDRIA","VA",22314,38.8038344870001,-77.056425915,205,"1434  DUKE ST, ALEXANDRIA, VA, 22314","Match","Exact","1434 DUKE ST, ALEXANDRIA, VA, 22314",639075034,"R"
61706,"1434 AUTUMN WOODS PLACE","ESCONDIDO","CA",92029,33.1025178200001,-117.106342905,206,"1434 AUTUMN WOODS PLACE, ESCONDIDO, CA, 92029","Match","Exact","1434 AUTUMN WOODS PL, ESCONDIDO, CA, 92029",195311905,"L"
61707,"1434 DOLLEY MADISON BLVD","MCLEAN","VA",22101,38.9384491320001,-77.182320034,207,"1434 DOLLEY MADISON BLVD, MCLEAN, VA, 22101","Match","Exact","1434 DOLLEY MADISON BLVD, MCLEAN, VA, 22101",638075460,"R"
61708,"1434 E BASSWOOD CIR","ST GEORGE","UT",84790,37.05610519,-113.553277351,208,"1434 E BASSWOOD CIR, ST GEORGE, UT, 84790","Match","Exact","1434 E BASSWOOD CIR, SAINT GEORGE, UT, 84790",651405756,"R"
61709,"1434 EAST 4500 SOUTH  STE 101-B","SALT LAKE CITY","UT",84117,40.674298381,-111.850301668,209,"1434 EAST 4500 SOUTH  STE 101-B, SALT LAKE CITY, UT, 84117","Match","Exact","1434 E 4500 S, SALT LAKE CITY, UT, 84117",645874903,"R"
61710,"1434 EAST MOWRY DRIVE 103","HOMESTEAD","FL",33033,25.4700566330001,-80.460377804,210,"1434 EAST MOWRY DRIVE 103, HOMESTEAD, FL, 33033","Match","Exact","1434 E MOWRY DR, HOMESTEAD, FL, 33033",116277333,"L"
61711,"1434 GARDEN ST APT 1","SANTA BARBARA","CA",93101,34.428755272,-119.704088457,211,"1434 GARDEN ST APT 1, SANTA BARBARA, CA, 93101","Match","Exact","1434 GARDEN ST, SANTA BARBARA, CA, 93101",108605202,"R"
61712,"1434 HARTNELL AVE","REDDING","CA",96002,40.5637817790001,-122.34456676,212,"1434 HARTNELL AVE, REDDING, CA, 96002","Match","Exact","1434 HARTNELL AVE, REDDING, CA, 96002",640091545,"L"
61713,"1434 HAWKINS STREET","GEORGETOWN","SC",29440,33.3656210890001,-79.295523224,213,"1434 HAWKINS STREET, GEORGETOWN, SC, 29440","Match","Exact","1434 HAWKINS ST, GEORGETOWN, SC, 29440",28996254,"R"
61714,"1434 JEFFERSON DRIVE","SANDY SPRINGS","GA",30350,33.9673890170001,-84.361184727,214,"1434 JEFFERSON DRIVE, SANDY SPRINGS, GA, 30350","Match","Exact","1434 JEFFERSON DR, SANDY SPRINGS, GA, 30350",17386999,"R"
61715,"1434 MARSHAL ST NE","MINNEAPOLIS","MN",55413,45.0017957200001,-93.271132246,215,"1434 MARSHAL ST NE, MINNEAPOLIS, MN, 55413","Match","Non_Exact","1434 MARSHALL ST NE, MINNEAPOLIS, MN, 55413",43842776,"L"
61716,"1434 MARSHALL ST NE NO 227","MINNEAPOLIS","MN",55413,45.0017957200001,-93.271132246,216,"1434 MARSHALL ST NE NO 227, MINNEAPOLIS, MN, 55413","Match","Exact","1434 MARSHALL ST NE, MINNEAPOLIS, MN, 55413",43842776,"L"
61717,"1434 NORTH CENTRAL EXPRESSWAY 110","MCKINNEY","TX",75070,33.2105349730001,-96.637370023,217,"1434 NORTH CENTRAL EXPRESSWAY 110, MCKINNEY, TX, 75070","Match","Exact","1434 N CENTRAL EXPY, MCKINNEY, TX, 75070",123491408,"R"
61718,"1434 POST ROAD","WELLS","ME",4090,43.317885823,-70.5828647869999,218,"1434 POST ROAD, WELLS, ME, 4090","Match","Exact","1434 POST RD, WELLS, ME, 04090",647550565,"L"
61719,"1434 SILVERBERRY LANE","BEAUMONT","CA",92223,33.9474384230001,-116.958062835,219,"1434 SILVERBERRY LANE, BEAUMONT, CA, 92223","Match","Exact","1434 SILVERBERRY LN, BEAUMONT, CA, 92223",646072604,"L"
61720,"1434 STEPHENS POND VIEW","LOGANVILLE","GA",30052,33.840207875,-83.9627690029999,220,"1434 STEPHENS POND VIEW, LOGANVILLE, GA, 30052","Match","Non_Exact","1434 STEPHENS POND VW SW, LOGANVILLE, GA, 30052",635860028,"L"
61721,"1434 STEUART STREET","BALTIMORE","MD",21230,39.2680076410001,-76.589626138,221,"1434 STEUART STREET, BALTIMORE, MD, 21230","Match","Exact","1434 STEUART ST, BALTIMORE, MD, 21230",637679997,"R"
61722,"1434 VIA TERRASSA","ENCINITAS","CA",92024,33.0475797460001,-117.262395988,222,"1434 VIA TERRASSA, ENCINITAS, CA, 92024","Match","Exact","1434 VIA TERRASSA, ENCINITAS, CA, 92024",195293525,"R"
61723,"1434 W DIVISION ST","CHICAGO","IL",60642,41.9033932950001,-87.66398771,223,"1434 W DIVISION ST, CHICAGO, IL, 60642","Match","Exact","1434 W DIVISION ST, CHICAGO, IL, 60642",111765165,"R"
61724,"1434 W JARVIS AVE APT 2B","CHICAGO","IL",60626,42.0160723340001,-87.667351571,224,"1434 W JARVIS AVE APT 2B, CHICAGO, IL, 60626","Match","Non_Exact","1434 W JARVIS AVE, CHICAGO, IL, 60626",605265099,"R"
61725,"1434 W THOME AVE UNIT 2A","CHICAGO","IL",60660,41.9954631890001,-87.666612051,225,"1434 W THOME AVE UNIT 2A, CHICAGO, IL, 60660","Match","Non_Exact","1434 W THOME AVE, CHICAGO, IL, 60660",605178417,"R"
61726,"1434 W WILLOW ST","LANSING","MI",48915,42.748310684,-84.571934079,226,"1434 W WILLOW ST, LANSING, MI, 48915","Match","Exact","1434 W WILLOW ST, LANSING, MI, 48915",17497937,"R"
61727,"1434 WEST STATE ROAD 46","GENEVA","FL",32732,28.7491844510001,-81.132724579,227,"1434 WEST STATE ROAD 46, GENEVA, FL, 32732","Match","Exact","1434 W STATE RD 46, GENEVA, FL, 32732",605421183,"L"
61728,"14340 EUCLID AVE","EAST CLEVELAND","OH",44112,41.530007663,-81.58241724,228,"14340 EUCLID AVE, EAST CLEVELAND, OH, 44112","Match","Exact","14340 EUCLID AVE, EAST CLEVELAND, OH, 44112",61121642,"R"
61729,"14340 EUCLID AVENUE","EAST CLEVELAND","OH",44112,41.530007663,-81.58241724,229,"14340 EUCLID AVENUE, EAST CLEVELAND, OH, 44112","Match","Exact","14340 EUCLID AVE, EAST CLEVELAND, OH, 44112",61121642,"R"
61730,"14340 SW 172 STREET","MIAMI","FL",33177,25.607530819,-80.425235873,230,"14340 SW 172 STREET, MIAMI, FL, 33177","Match","Exact","14340 SW 172ND ST, MIAMI, FL, 33177",116079912,"R"
61731,"14341 MOON FLOWER DRIVE","TAMPA","FL",33626,28.0767691180001,-82.644080708,231,"14341 MOON FLOWER DRIVE, TAMPA, FL, 33626","Match","Exact","14341 MOON FLOWER DR, TAMPA, FL, 33626",104614184,"R"
61732,"14341 SW 97TH LN","MIAMI","FL",33186,25.676783625,-80.424072698,232,"14341 SW 97TH LN, MIAMI, FL, 33186","Match","Exact","14341 SW 97TH LN, MIAMI, FL, 33186",116054315,"R"
61733,"14341 W MCNICHOLS","DETROIT","MI",48219,NA,NA,233,"14341 W MCNICHOLS, DETROIT, MI, 48219","No_Match",NA,NA,NA,NA
61734,"14342 GRAND OAKS DRIVE UNIT1","BAXTER","MN",56425,46.3604541120001,-94.258614506,234,"14342 GRAND OAKS DRIVE UNIT1, BAXTER, MN, 56425","Match","Exact","14342 GRAND OAKS DR, BAXTER, MN, 56425",639293587,"R"
61735,"14342 LANDER ROAD","Midlothian","VA",23113,37.532741672,-77.684346374,235,"14342 LANDER ROAD, Midlothian, VA, 23113","Match","Exact","14342 LANDER RD, MIDLOTHIAN, VA, 23113",223173461,"L"
61736,"14342 LANDER ROAD","MIDLOTHIAN","VA",23113,37.532741672,-77.684346374,236,"14342 LANDER ROAD, MIDLOTHIAN, VA, 23113","Match","Exact","14342 LANDER RD, MIDLOTHIAN, VA, 23113",223173461,"L"
61737,"14343 BURBANK BLVD SUITE 305","SHERMAN OAKS","CA",91401,34.1721275,-118.445844541,237,"14343 BURBANK BLVD SUITE 305, SHERMAN OAKS, CA, 91401","Match","Exact","14343 BURBANK BLVD, SHERMAN OAKS, CA, 91401",141561486,"R"
61738,"14343 S 179TH AVE","GOODYEAR","AZ",85338,33.316349191,-112.434649457,238,"14343 S 179TH AVE, GOODYEAR, AZ, 85338","Match","Exact","14343 S 179TH AVE, GOODYEAR, AZ, 85338",618474359,"L"
61739,"14344 KIMBARK AVE","DOLTON","IL",60419,41.634509365,-87.5857358489999,239,"14344 KIMBARK AVE, DOLTON, IL, 60419","Match","Exact","14344 KIMBARK AVE, DOLTON, IL, 60419",111858889,"R"
61740,"14344 MINERVA AVE","DOLTON","IL",60419,41.6344713600001,-87.590583997,240,"14344 MINERVA AVE, DOLTON, IL, 60419","Match","Exact","14344 MINERVA AVE, DOLTON, IL, 60419",111779251,"R"
61741,"14345 ALGER AVE","WARREN","MI",48088,42.519439237,-82.978307037,241,"14345 ALGER AVE, WARREN, MI, 48088","Match","Exact","14345 ALGER AVE, WARREN, MI, 48088",110712019,"L"
61742,"14346 BROOKMERE DRIVE","CENTREVILLE","VA",20120,38.8624280380001,-77.4454180179999,242,"14346 BROOKMERE DRIVE, CENTREVILLE, VA, 20120","Match","Exact","14346 BROOKMERE DR, CENTREVILLE, VA, 20120",76010803,"R"
61743,"14346 W WELDON AVE","GOODYEAR","AZ",85395,33.4889304860001,-112.367300982,243,"14346 W WELDON AVE, GOODYEAR, AZ, 85395","Match","Exact","14346 W WELDON AVE, GOODYEAR, AZ, 85395",128431686,"R"
61744,"14347 COLLINS STREET","SHERMAN OAKS","CA",91401,34.173939363,-118.445166584,244,"14347 COLLINS STREET, SHERMAN OAKS, CA, 91401","Match","Exact","14347 COLLINS ST, SHERMAN OAKS, CA, 91401",141561479,"R"
61745,"14348 KEELER","MIDLOTHIAN","IL",60445,41.631886782,-87.722870654,245,"14348 KEELER, MIDLOTHIAN, IL, 60445","Match","Non_Exact","14348 KEELER AVE, MIDLOTHIAN, IL, 60445",111824921,"R"
61746,"14349 COMMERCE WAY","MIAMI LAKES","FL",33016,25.9042635550001,-80.329211995,246,"14349 COMMERCE WAY, MIAMI LAKES, FL, 33016","Match","Exact","14349 COMMERCE WAY, MIAMI LAKES, FL, 33016",116024421,"L"
61747,"1435 30TH STREET","SAN DIEGO","CA",92102,32.720639894,-117.130230392,247,"1435 30TH STREET, SAN DIEGO, CA, 92102","Match","Exact","1435 30TH ST, SAN DIEGO, CA, 92102",195346328,"R"
61748,"1435 4TH ST SW APTB604","WASHINGTON","DC",20024,38.8724864070001,-77.017561999,248,"1435 4TH ST SW APTB604, WASHINGTON, DC, 20024","Match","Exact","1435 4TH ST SW, WASHINGTON, DC, 20024",76227020,"R"
61749,"1435 51ST STREET","BROOKLYN","NY",11219,40.6320870060001,-73.990255539,249,"1435 51ST STREET, BROOKLYN, NY, 11219","Match","Exact","1435 51ST ST, BROOKLYN, NY, 11219",59080264,"L"
61750,"1435 ASBERRY DRIVE","MARIETTA","GA",30060,33.986364097,-84.573172395,250,"1435 ASBERRY DRIVE, MARIETTA, GA, 30060","Match","Exact","1435 ASBERRY DR, MARIETTA, GA, 30060",17248285,"L"
61751,"1435 BARKER ROAD","HOOD RIVER","OR",97031,45.6801114240001,-121.534144665,251,"1435 BARKER ROAD, HOOD RIVER, OR, 97031","Match","Exact","1435 BARKER RD, HOOD RIVER, OR, 97031",158142095,"R"
61752,"1435 BAY BLVD","ATLANTIC BEACH","NY",11509,40.588601248,-73.714495947,252,"1435 BAY BLVD, ATLANTIC BEACH, NY, 11509","Match","Exact","1435 BAY BLVD, ATLANTIC BEACH, NY, 11509",147679217,"L"
61753,"1435 BEDFORD AVE FIRST FLOOR","PITTSBURGH","PA",15219,NA,NA,253,"1435 BEDFORD AVE FIRST FLOOR, PITTSBURGH, PA, 15219","No_Match",NA,NA,NA,NA
61754,"1435 BEDFORD STREET APT 3A","STAMFORD","CT",6905,41.0634868400001,-73.5403245589999,254,"1435 BEDFORD STREET APT 3A, STAMFORD, CT, 6905","Match","Exact","1435 BEDFORD ST, STAMFORD, CT, 06905",650050345,"R"
61755,"1435 DELTA DRIVE","CEDAR HILL","TX",75104,32.6175979560001,-96.910291588,255,"1435 DELTA DRIVE, CEDAR HILL, TX, 75104","Match","Exact","1435 DELTA DR, CEDAR HILL, TX, 75104",616744774,"R"
61756,"1435 E DEVONSHIRE ROAD","DELAFIELD","WI",53018,43.0569192900001,-88.390132608,256,"1435 E DEVONSHIRE ROAD, DELAFIELD, WI, 53018","Match","Exact","1435 E DEVONSHIRE RD, DELAFIELD, WI, 53018",53807948,"L"
61757,"1435 E MCCLELLAN ROAD","MESA","AZ",85203,NA,NA,257,"1435 E MCCLELLAN ROAD, MESA, AZ, 85203","No_Match",NA,NA,NA,NA
61758,"1435 E QUAIL RUN RD","ROCKWALL","TX",75087,32.955618718,-96.44096701,258,"1435 E QUAIL RUN RD, ROCKWALL, TX, 75087","Match","Exact","1435 E QUAIL RUN RD, ROCKWALL, TX, 75087",123792135,"L"
61759,"1435 E SHAMWOOD ST","WEST COVINA","CA",91791,34.0737950720001,-117.915411874,259,"1435 E SHAMWOOD ST, WEST COVINA, CA, 91791","Match","Exact","1435 E SHAMWOOD ST, WEST COVINA, CA, 91791",141715001,"L"
61760,"1435 EAST  2700 NORTH","NORTH LOGAN","UT",84341,41.7802687440001,-111.798817564,260,"1435 EAST  2700 NORTH, NORTH LOGAN, UT, 84341","Match","Exact","1435 E 2700 N, NORTH LOGAN, UT, 84341",155112253,"R"
61761,"1435 ENNEN DR","RAPID CITY","SD",57703,44.0717731120001,-103.128160791,261,"1435 ENNEN DR, RAPID CITY, SD, 57703","Match","Exact","1435 ENNEN DR, RAPID CITY, SD, 57703",205533157,"R"
61762,"1435 FIELDCREST DR","BLAIR","NE",68008,41.5594333920001,-96.148091057,262,"1435 FIELDCREST DR, BLAIR, NE, 68008","Match","Exact","1435 FIELDCREST DR, BLAIR, NE, 68008",636526044,"L"
61763,"1435 GARDENIA","CONWAY","AR",72034,35.059680008,-92.467552477,263,"1435 GARDENIA, CONWAY, AR, 72034","Match","Exact","1435 GARDENIA, CONWAY, AR, 72034",639707572,"L"
61764,"1435 HARTFORD TERRACE","ALPHARETTA","GA",30004,34.122229733,-84.236679824,264,"1435 HARTFORD TERRACE, ALPHARETTA, GA, 30004","Match","Exact","1435 HARTFORD TER, ALPHARETTA, GA, 30004",629554386,"L"
61765,"1435 HAVENHURST DR","WEST HOLLYWOOD","CA",90046,34.097479462,-118.367446895,265,"1435 HAVENHURST DR, WEST HOLLYWOOD, CA, 90046","Match","Exact","1435 HAVENHURST DR, W HOLLYWOOD, CA, 90046",142806496,"L"
61766,"1435 JOHN HOWELL ROAD","POCAHONTAS","TN",38061,35.0624979090001,-88.719746949,266,"1435 JOHN HOWELL ROAD, POCAHONTAS, TN, 38061","Match","Exact","1435 JOHN HOWELL RD, POCAHONTAS, TN, 38061",21270112,"L"
61767,"1435 LARIMER STREET SUITE 203","DENVER","CO",80202,39.747688528,-104.999386672,267,"1435 LARIMER STREET SUITE 203, DENVER, CO, 80202","Match","Exact","1435 LARIMER ST, DENVER, CO, 80202",177304401,"L"
61768,"1435 MIDWAY PARKWAY","SAINT PAUL","MN",55108,44.9809529610001,-93.158632014,268,"1435 MIDWAY PARKWAY, SAINT PAUL, MN, 55108","Match","Exact","1435 MIDWAY PKWY, SAINT PAUL, MN, 55108",647914382,"R"
61769,"1435 N THOMPSON RD","SUN PRAIRIE","WI",53590,NA,NA,269,"1435 N THOMPSON RD, SUN PRAIRIE, WI, 53590","No_Match",NA,NA,NA,NA
61770,"1435 NE 4TH AVE","CAMAS","WA",98607,45.590175351,-122.395780736,270,"1435 NE 4TH AVE, CAMAS, WA, 98607","Match","Exact","1435 NE 4TH AVE, CAMAS, WA, 98607",158331792,"R"
61771,"1435 NE 54TH AVENUE","DES MOINES","IA",50313,41.658607493,-93.600033813,271,"1435 NE 54TH AVENUE, DES MOINES, IA, 50313","Match","Exact","1435 NE 54TH AVE, DES MOINES, IA, 50313",65781516,"R"
61772,"1435 NORTH PERIMETER RD","MOUNT CLEMENS","MI",48045,NA,NA,272,"1435 NORTH PERIMETER RD, MOUNT CLEMENS, MI, 48045","No_Match",NA,NA,NA,NA
61773,"1435 NW CIRCLE BLVD","CORVALLIS","OR",97330,44.5886450880001,-123.26871455,273,"1435 NW CIRCLE BLVD, CORVALLIS, OR, 97330","Match","Exact","1435 NW CIRCLE BLVD, CORVALLIS, OR, 97330",155846394,"L"
61774,"1435 QUAIL STREET","CHARLOTTE","NC",28214,35.2709820470001,-80.9700166709999,274,"1435 QUAIL STREET, CHARLOTTE, NC, 28214","Match","Exact","1435 QUAIL ST, CHARLOTTE, NC, 28214",70563186,"R"
61775,"1435 ROANOKE RD","DALEVILLE","VA",24083,37.4054516470001,-79.9138551839999,275,"1435 ROANOKE RD, DALEVILLE, VA, 24083","Match","Exact","1435 ROANOKE RD, DALEVILLE, VA, 24083",62481166,"R"
61776,"1435 S HAYWORTH AVE - 2","LOS ANGELES","CA",90035,34.050745616,-118.36774343,276,"1435 S HAYWORTH AVE - 2, LOS ANGELES, CA, 90035","Match","Non_Exact","1435 S HAYWORTH AVE, LOS ANGELES, CA, 90035",652035567,"R"
61777,"1435 SHADY BEND DR","SUGAR LAND","TX",77479,29.5452991170001,-95.666506553,277,"1435 SHADY BEND DR, SUGAR LAND, TX, 77479","Match","Exact","1435 SHADY BEND DR, SUGAR LAND, TX, 77479",78328073,"R"
61778,"1435 SKUNK VALLEY ROAD","PANAMA CITY","FL",32409,30.3729109710001,-85.648688769,278,"1435 SKUNK VALLEY ROAD, PANAMA CITY, FL, 32409","Match","Exact","1435 SKUNK VALLEY RD, PANAMA CITY, FL, 32409",636334196,"R"
61779,"1435 SOUTH MAIN CHAPEL WAY  C116","GAMBRILLS","NC",21054,NA,NA,279,"1435 SOUTH MAIN CHAPEL WAY  C116, GAMBRILLS, NC, 21054","No_Match",NA,NA,NA,NA
61780,"1435 W 7TH ST","STERLING","IL",61081,41.799480035,-89.687774538,280,"1435 W 7TH ST, STERLING, IL, 61081","Match","Non_Exact","1435 7TH AVE, STERLING, IL, 61081",48967406,"L"
61781,"1435 W AUBURN ROAD","ROCHESTER HILLS","MI",48309,42.635294774,-83.161360202,281,"1435 W AUBURN ROAD, ROCHESTER HILLS, MI, 48309","Match","Exact","1435 W AUBURN RD, ROCHESTER HILLS, MI, 48309",638597208,"L"
61782,"1435 W SR 434 STE 109","LONGWOOD","FL",32750,NA,NA,282,"1435 W SR 434 STE 109, LONGWOOD, FL, 32750","No_Match",NA,NA,NA,NA
61783,"1435 WEST DIVISION ST","NEW CASTLE","PA",16101,40.991289393,-80.364630253,283,"1435 WEST DIVISION ST, NEW CASTLE, PA, 16101","Match","Exact","1435 W DIVISION ST, NEW CASTLE, PA, 16101",65191873,"R"
61784,"1435 WHITE SPRUCE DR","TOMS RIVER","NJ",8753,39.997990939,-74.177050213,284,"1435 WHITE SPRUCE DR, TOMS RIVER, NJ, 8753","Match","Exact","1435 WHITE SPRUCE DR, TOMS RIVER, NJ, 08753",203754829,"L"
61785,"1435 WILLOW AVE","LOUISVILLE","KY",40204,38.233934549,-85.7081614589999,285,"1435 WILLOW AVE, LOUISVILLE, KY, 40204","Match","Exact","1435 WILLOW AVE, LOUISVILLE, KY, 40204",96852559,"L"
61786,"1435 WILSHIRE WAY","MCDONOUGH","GA",30253,33.4860995760001,-84.1925669619999,286,"1435 WILSHIRE WAY, MCDONOUGH, GA, 30253","Match","Exact","1435 WILSHIRE WAY, MCDONOUGH, GA, 30253",210422910,"L"
61787,"1435 WINDY MEADOWS DRIVE","BURLESON","TX",76028,32.56771035,-97.344513891,287,"1435 WINDY MEADOWS DRIVE, BURLESON, TX, 76028","Match","Exact","1435 WINDY MEADOWS DR, BURLESON, TX, 76028",102189174,"L"
61788,"1435 YARMOUTH UNIT 203","BOULDER","CO",80304,40.0582496860001,-105.279431732,288,"1435 YARMOUTH UNIT 203, BOULDER, CO, 80304","Match","Non_Exact","1435 YARMOUTH AVE, BOULDER, CO, 80304",188197606,"L"
61789,"1435","LAKEWOOD","CO",80215,NA,NA,289,"1435, LAKEWOOD, CO, 80215","No_Match",NA,NA,NA,NA
61790,"14350 BROWN BRIDGE RD","COVINGTON","GA",30016,33.5591189840001,-84.000016655,290,"14350 BROWN BRIDGE RD, COVINGTON, GA, 30016","Match","Exact","14350 BROWN BRIDGE RD, COVINGTON, GA, 30016",644922550,"L"
61791,"14350 CULEBRA RD","SAN ANTONIO","TX",78253,NA,NA,291,"14350 CULEBRA RD, SAN ANTONIO, TX, 78253","No_Match",NA,NA,NA,NA
61792,"14350 E BLUE RIDGE ROAD","DEWEY","AZ",86327,NA,NA,292,"14350 E BLUE RIDGE ROAD, DEWEY, AZ, 86327","Tie",NA,NA,NA,NA
61793,"14350 FARM TO MARKET RD 1488","MAGNOLIA","TX",77354,NA,NA,293,"14350 FARM TO MARKET RD 1488, MAGNOLIA, TX, 77354","No_Match",NA,NA,NA,NA
61794,"14350 FARM TO MARKET ROAD 1488","MAGNOLIA","TX",77354,NA,NA,294,"14350 FARM TO MARKET ROAD 1488, MAGNOLIA, TX, 77354","No_Match",NA,NA,NA,NA
61795,"14350 FM 1488","MAGNOLIA","TX",77353,NA,NA,295,"14350 FM 1488, MAGNOLIA, TX, 77353","No_Match",NA,NA,NA,NA
61796,"14350 MADISON RD","MISHAWAKA","IN",46544,41.5791038610001,-86.1447515139999,296,"14350 MADISON RD, MISHAWAKA, IN, 46544","Match","Exact","14350 MADISON RD, MISHAWAKA, IN, 46544",8063905,"R"
61797,"14350 MUNDY DR STE 800 BOX 165","NOBLESVILLE","IN",46060,39.9971822210001,-86.002776055,297,"14350 MUNDY DR STE 800 BOX 165, NOBLESVILLE, IN, 46060","Match","Exact","14350 MUNDY DR, NOBLESVILLE, IN, 46060",640738041,"L"
61798,"14350 MUNDY DRIVE SUITE 800 NO 120","NOBLESVILLE","IN",46060,39.9971822210001,-86.002776055,298,"14350 MUNDY DRIVE SUITE 800 NO 120, NOBLESVILLE, IN, 46060","Match","Exact","14350 MUNDY DR, NOBLESVILLE, IN, 46060",640738041,"L"
61799,"14350 MUNDY DRIVE SUITE 800 NO 127","NOBLESVILLE","IN",46060,39.9971822210001,-86.002776055,299,"14350 MUNDY DRIVE SUITE 800 NO 127, NOBLESVILLE, IN, 46060","Match","Exact","14350 MUNDY DR, NOBLESVILLE, IN, 46060",640738041,"L"
61800,"14350 MUNDY DRIVE SUITE 800-216","NOBLESVILLE","IN",46060,39.9971822210001,-86.002776055,300,"14350 MUNDY DRIVE SUITE 800-216, NOBLESVILLE, IN, 46060","Match","Exact","14350 MUNDY DR, NOBLESVILLE, IN, 46060",640738041,"L"
61801,"14350 NE 9 LANE","SILVER SPRINGS","FL",34488,29.196737021,-81.915783773,301,"14350 NE 9 LANE, SILVER SPRINGS, FL, 34488","Match","Exact","14350 NE 9TH LN, SILVER SPRINGS, FL, 34488",116775473,"R"
61802,"14350 S W KANNER HWY","INDIANTOWN","FL",34956,27.0102864240001,-80.45857204,302,"14350 S W KANNER HWY, INDIANTOWN, FL, 34956","Match","Exact","14350 KANNER HWY, INDIANTOWN, FL, 34956",120407232,"R"
61803,"14350 TIREMAN ST","DETROIT","MI",48228,42.351146505,-83.1837630049999,303,"14350 TIREMAN ST, DETROIT, MI, 48228","Match","Exact","14350 TIREMAN ST, DETROIT, MI, 48228",95715650,"R"
61804,"14350 VICTORY BLVD SUITE 3","VAN NUYS","CA",91401,34.186660488,-118.445457376,304,"14350 VICTORY BLVD SUITE 3, VAN NUYS, CA, 91401","Match","Exact","14350 VICTORY BLVD, VAN NUYS, CA, 91401",141561079,"L"
61805,"14350 WEST 187 TERRACE","OLATHE","KS",66062,38.788411855,-94.7523290079999,305,"14350 WEST 187 TERRACE, OLATHE, KS, 66062","Match","Exact","14350 W 187TH TER, OLATHE, KS, 66062",91339481,"R"
61806,"14351 MANCHESTER PIKE","CHRISTIANA","TN",37037,35.660136084,-86.2678963389999,306,"14351 MANCHESTER PIKE, CHRISTIANA, TN, 37037","Match","Exact","14351 MANCHESTER PIKE, CHRISTIANA, TN, 37037",636648261,"R"
61807,"14351 PAIGE ROAD","LANEXA","VA",23089,37.50099966,-76.9264711329999,307,"14351 PAIGE ROAD, LANEXA, VA, 23089","Match","Exact","14351 PAIGE RD, LANEXA, VA, 23089",612786528,"L"
61808,"14353 WARWICK ST","DETROIT","MI",48223,42.3919701070001,-83.228618013,308,"14353 WARWICK ST, DETROIT, MI, 48223","Match","Exact","14353 WARWICK ST, DETROIT, MI, 48223",95422507,"L"
61809,"14354 CRUSE ST","DETROIT","MI",48227,42.3929785600001,-83.18300942,309,"14354 CRUSE ST, DETROIT, MI, 48227","Match","Exact","14354 CRUSE ST, DETROIT, MI, 48227",95424997,"R"
61810,"14354 CYPRESS ISLAND CIRCLE","PALM BEACH GARDENS","FL",33410,26.888213668,-80.074004245,310,"14354 CYPRESS ISLAND CIRCLE, PALM BEACH GARDENS, FL, 33410","Match","Exact","14354 CYPRESS ISLAND CIR, PALM BEACH GARDENS, FL, 33410",115328884,"R"
61811,"14355 HARTWELL TRAIL","NOVELTY","OH",44072,41.476381254,-81.372527992,311,"14355 HARTWELL TRAIL, NOVELTY, OH, 44072","Match","Exact","14355 HARTWELL TRL, NOVELTY, OH, 44072",137432973,"R"
61812,"14355 NW 15TH ST","PEMBROKE PINES","FL",33028,26.017934473,-80.340496356,312,"14355 NW 15TH ST, PEMBROKE PINES, FL, 33028","Match","Non_Exact","14355 NW 15TH ST, PEMBROKE PINES, FL, 33028",114801336,"R"
61813,"14355 OLD GUSLANDER TRAIL NORTH","MARINE ON ST CROIX","MN",55047,45.1957499480001,-92.812306091,313,"14355 OLD GUSLANDER TRAIL NORTH, MARINE ON ST CROIX, MN, 55047","Match","Exact","14355 OLD GUSLANDER TRL N, MARINE ON SAINT CROIX, MN, 55047",97819579,"R"
61814,"14356 130TH STREET","WELLSBURG","IA",50680,42.5141476920001,-92.942803523,314,"14356 130TH STREET, WELLSBURG, IA, 50680","Match","Exact","14356 130TH ST, WELLSBURG, IA, 50680",77408303,"L"
61815,"14356 E 29TH LN","YUMA","AZ",85367,32.674769159,-114.387655707,315,"14356 E 29TH LN, YUMA, AZ, 85367","Match","Exact","14356 E 29TH LN, YUMA, AZ, 85367",129646100,"L"
61816,"14356 NORTHBROOK LANE","GAINESVILLE","VA",20155,38.7765703480001,-77.620670412,316,"14356 NORTHBROOK LANE, GAINESVILLE, VA, 20155","Match","Exact","14356 NORTHBROOK LN, GAINESVILLE, VA, 20155",618425526,"R"
61817,"14357 LINDEN AVENUE N UNIT N302","SEATTLE","WA",98133,47.7328876070001,-122.347744939,317,"14357 LINDEN AVENUE N UNIT N302, SEATTLE, WA, 98133","Match","Exact","14357 LINDEN AVE N, SEATTLE, WA, 98133",186574162,"L"
61818,"14357 N HILLSIDE DR","PRAIRIVILLE","LA",70769,30.282124777,-90.976526108,318,"14357 N HILLSIDE DR, PRAIRIVILLE, LA, 70769","Match","Non_Exact","14357 N HILLSIDE DR, PRAIRIEVILLE, LA, 70769",115035946,"L"
61819,"14358 MAGNOLIA BLVD  APT 108","SHERMAN OAKS","CA",91423,34.164852599,-118.44587611,319,"14358 MAGNOLIA BLVD  APT 108, SHERMAN OAKS, CA, 91423","Match","Exact","14358 MAGNOLIA BLVD, SHERMAN OAKS, CA, 91423",141561522,"L"
61820,"14358 N HOLLY RD","BATON ROUGE","LA",70819,30.4627892020001,-91.0256662739999,320,"14358 N HOLLY RD, BATON ROUGE, LA, 70819","Match","Non_Exact","14358 N HOLLY ST, BATON ROUGE, LA, 70819",92194344,"R"
61821,"14359 AMARGOSA RD SUITE F","VICTORVILLE","CA",92392,34.5113163510001,-117.330163472,321,"14359 AMARGOSA RD SUITE F, VICTORVILLE, CA, 92392","Match","Exact","14359 AMARGOSA RD, VICTORVILLE, CA, 92392",144572056,"R"
61822,"14359 AMARGOSA ROAD STE E","VICTORVILLE","CA",92392,34.5113163510001,-117.330163472,322,"14359 AMARGOSA ROAD STE E, VICTORVILLE, CA, 92392","Match","Exact","14359 AMARGOSA RD, VICTORVILLE, CA, 92392",144572056,"R"
61823,"14359 MIRAMAR PARKWAY 112","MIRAMAR","FL",33027,25.9787464710001,-80.338191108,323,"14359 MIRAMAR PARKWAY 112, MIRAMAR, FL, 33027","Match","Exact","14359 MIRAMAR PKWY, MIRAMAR, FL, 33027",114798282,"L"
61824,"14359 MIRAMAR PARKWAY 329","MIRAMAR","FL",33029,25.9787464710001,-80.338191108,324,"14359 MIRAMAR PARKWAY 329, MIRAMAR, FL, 33029","Match","Non_Exact","14359 MIRAMAR PKWY, MIRAMAR, FL, 33027",114798282,"L"
61825,"14359 MIRAMAR PARKWAY 482","MIRAMAR","FL",33027,25.9787464710001,-80.338191108,325,"14359 MIRAMAR PARKWAY 482, MIRAMAR, FL, 33027","Match","Exact","14359 MIRAMAR PKWY, MIRAMAR, FL, 33027",114798282,"L"
61826,"14359 MIRAMAR PARKWAY PMB 510","MIRAMAR","FL",33027,25.9787464710001,-80.338191108,326,"14359 MIRAMAR PARKWAY PMB 510, MIRAMAR, FL, 33027","Match","Exact","14359 MIRAMAR PKWY, MIRAMAR, FL, 33027",114798282,"L"
61827,"14359 MIRAMAR PARKWAY SUITE 294","MIRAMAR","FL",33027,25.9787464710001,-80.338191108,327,"14359 MIRAMAR PARKWAY SUITE 294, MIRAMAR, FL, 33027","Match","Exact","14359 MIRAMAR PKWY, MIRAMAR, FL, 33027",114798282,"L"
61828,"14359 MIRAMAR PKWY UNIT 134","MIRAMAR","FL",33027,25.9787464710001,-80.338191108,328,"14359 MIRAMAR PKWY UNIT 134, MIRAMAR, FL, 33027","Match","Exact","14359 MIRAMAR PKWY, MIRAMAR, FL, 33027",114798282,"L"
61829,"14359 N 1250 E","ODON","IN",47562,38.8657243640001,-86.931930714,329,"14359 N 1250 E, ODON, IN, 47562","Match","Exact","14359 N 1250 E, ODON, IN, 47562",649598084,"L"
61830,"14359 SE 47TH PL","BELLEVUE","WA",98006,47.5603345270001,-122.148924205,330,"14359 SE 47TH PL, BELLEVUE, WA, 98006","Match","Exact","14359 SE 47TH PL, BELLEVUE, WA, 98006",239774842,"R"
61831,"14359 WEST 1ST PLACE","GOLDEN","CO",80401,39.7186054760001,-105.157953033,331,"14359 WEST 1ST PLACE, GOLDEN, CO, 80401","Match","Exact","14359 W 1ST PL, GOLDEN, CO, 80401",177316498,"R"
61832,"1436 4TH ST","LOS OSOS","CA",93402,35.325528574,-120.838744812,332,"1436 4TH ST, LOS OSOS, CA, 93402","Match","Exact","1436 4TH ST, LOS OSOS, CA, 93402",641280476,"R"
61833,"1436 59TH ST","BROOKLYN","NY",11219,40.627577525,-73.994891391,333,"1436 59TH ST, BROOKLYN, NY, 11219","Match","Exact","1436 59TH ST, BROOKLYN, NY, 11219",59080250,"R"
61834,"1436 AMBER BLVD","PUYALLUP","WA",98372,47.176203125,-122.250083527,334,"1436 AMBER BLVD, PUYALLUP, WA, 98372","Match","Non_Exact","1436 AMBER BLVD SE, PUYALLUP, WA, 98372",184719217,"L"
61835,"1436 AUAUKI ST","KAILUA","HI",96734,21.3710317860001,-157.732364421,335,"1436 AUAUKI ST, KAILUA, HI, 96734","Match","Exact","1436 AUAUKI ST, KAILUA, HI, 96734",203240536,"R"
61836,"1436 BELLEFONTAINE AVE","MARION","OH",43302,40.5660723670001,-83.1569866469999,336,"1436 BELLEFONTAINE AVE, MARION, OH, 43302","Match","Exact","1436 BELLEFONTAINE AVE, MARION, OH, 43302",12707744,"L"
61837,"1436 BUTLER MILL HOLLOW ROAD","BETHPAGE","TN",37022,36.501055648,-86.404211748,337,"1436 BUTLER MILL HOLLOW ROAD, BETHPAGE, TN, 37022","Match","Exact","1436 BUTLER MILL HOLLOW RD, BETHPAGE, TN, 37022",29766998,"R"
61838,"1436 CARNEY STREET","LAKE CHARLES","LA",70615,30.255180642,-93.172983652,338,"1436 CARNEY STREET, LAKE CHARLES, LA, 70615","Match","Exact","1436 CARNEY ST, LAKE CHARLES, LA, 70615",88439714,"R"
61839,"1436 CASS SE","GRAND RAPIDS","MI",49507,42.9381134920001,-85.66226647,339,"1436 CASS SE, GRAND RAPIDS, MI, 49507","Match","Non_Exact","1436 CASS AVE SE, GRAND RAPIDS, MI, 49507",12459124,"L"
61840,"1436 CEDAR PINE DRIVE","DELTONA","FL",32725,28.86758867,-81.235549341,340,"1436 CEDAR PINE DRIVE, DELTONA, FL, 32725","Match","Exact","1436 CEDAR PINE DR, DELTONA, FL, 32725",94596246,"L"
61841,"1436 CHELMSFORD CT","COLUMBUS","OH",43229,40.094731607,-82.978729831,341,"1436 CHELMSFORD CT, COLUMBUS, OH, 43229","Match","Exact","1436 CHELMSFORD CT, COLUMBUS, OH, 43229",135570116,"L"
61842,"1436 CLAY STREET","HAYWARD","CA",94541,37.6744489270001,-122.072664738,342,"1436 CLAY STREET, HAYWARD, CA, 94541","Match","Exact","1436 CLAY ST, HAYWARD, CA, 94541",125039387,"L"
61843,"1436 EAST 2ND STREET","PLAINFIELD","NJ",7062,40.640033671,-74.4041767809999,343,"1436 EAST 2ND STREET, PLAINFIELD, NJ, 7062","Match","Exact","1436 E 2ND ST, PLAINFIELD, NJ, 07062",60567214,"R"
61844,"1436 GOLF COURSE ROAD","NEWPORT","TN",37821,35.927195435,-83.193409742,344,"1436 GOLF COURSE ROAD, NEWPORT, TN, 37821","Match","Exact","1436 GOLF COURSE RD, NEWPORT, TN, 37821",132771780,"R"
61845,"1436 HAZEL LEIGH LANE","FORT WORTH","TX",76134,32.6611917390001,-97.305063903,345,"1436 HAZEL LEIGH LANE, FORT WORTH, TX, 76134","Match","Exact","1436 HAZEL LEIGH LN, FORT WORTH, TX, 76134",101895520,"R"
61846,"1436 HILLTOP ROAD","LINCOLN","NE",68521,40.8610496050001,-96.699625107,346,"1436 HILLTOP ROAD, LINCOLN, NE, 68521","Match","Exact","1436 HILLTOP RD, LINCOLN, NE, 68521",28283405,"R"
61847,"1436 HOOVLER WAY","PATASKALA","OH",43062,40.0025003150001,-82.6467065849999,347,"1436 HOOVLER WAY, PATASKALA, OH, 43062","Match","Exact","1436 HOOVLER WAY, PATASKALA, OH, 43062",651524762,"R"
61848,"1436 HORTON RIDGE ROAD","SWORDS CREEK","VA",24649,37.1139333340001,-81.9003027429999,348,"1436 HORTON RIDGE ROAD, SWORDS CREEK, VA, 24649","Match","Exact","1436 HORTON RIDGE RD, SWORDS CREEK, VA, 24649",74163029,"L"
61849,"1436 HOWARD AUMAN RD","ASHEBORO","NC",27205,35.5740067450001,-79.839220311,349,"1436 HOWARD AUMAN RD, ASHEBORO, NC, 27205","Match","Exact","1436 HOWARD AUMAN RD, ASHEBORO, NC, 27205",20424390,"R"
61850,"1436 JOHNSON AVE","SAN LUIS OBISPO","CA",93401,35.2812142080001,-120.654110561,350,"1436 JOHNSON AVE, SAN LUIS OBISPO, CA, 93401","Match","Exact","1436 JOHNSON AVE, SAN LUIS OBISPO, CA, 93401",109732155,"R"
61851,"1436 KIMWOOD DR","JACKSON","MS",39211,32.3540468210001,-90.143975951,351,"1436 KIMWOOD DR, JACKSON, MS, 39211","Match","Exact","1436 KIMWOOD DR, JACKSON, MS, 39211",65373339,"L"
61852,"1436 LAKERIDGE DRIVE","BATON ROUGE","LA",70802,30.461077398,-91.180787628,352,"1436 LAKERIDGE DRIVE, BATON ROUGE, LA, 70802","Match","Exact","1436 LAKERIDGE DR, BATON ROUGE, LA, 70802",92181876,"R"
61853,"1436 N 3RD STREET","SPEARFISH","SD",57783,44.4973552600001,-103.865658073,353,"1436 N 3RD STREET, SPEARFISH, SD, 57783","Match","Exact","1436 N 3RD ST, SPEARFISH, SD, 57783",193362361,"R"
61854,"1436 N AVE","RED OAK","IA",51566,41.097364305,-95.118512903,354,"1436 N AVE, RED OAK, IA, 51566","Match","Exact","1436 N AVE, RED OAK, IA, 51566",43871822,"R"
61855,"1436 N FORMOSA AVE APT 3","LOS ANGELES","CA",90046,34.096882399,-118.346244079,355,"1436 N FORMOSA AVE APT 3, LOS ANGELES, CA, 90046","Match","Non_Exact","1436 N FORMOSA AVE, LOS ANGELES, CA, 90046",141599385,"R"
61856,"1436 N POPLAR","WICHITA","KS",67214,37.708910341,-97.3070177559999,356,"1436 N POPLAR, WICHITA, KS, 67214","Match","Non_Exact","1436 N POPLAR AVE, WICHITA, KS, 67214",115636398,"R"
61857,"1436 NORD AVE UNIT D","CHICO","CA",95927,39.733987267,-121.865180023,357,"1436 NORD AVE UNIT D, CHICO, CA, 95927","Match","Non_Exact","1436 NORD AVE, CHICO, CA, 95926",648059357,"R"
61858,"1436 NW GALESTON AVENUE","BEND","OR",97701,NA,NA,358,"1436 NW GALESTON AVENUE, BEND, OR, 97701","No_Match",NA,NA,NA,NA
61859,"1436 OAKCREST LANE","COPLAY","PA",18037,40.709659978,-75.538934777,359,"1436 OAKCREST LANE, COPLAY, PA, 18037","Match","Exact","1436 OAKCREST LN, COPLAY, PA, 18037",80789637,"R"
61860,"1436 PARKWOOD DRIVE","CARROLLTON","TX",75007,33.0080704800001,-96.9217156719999,360,"1436 PARKWOOD DRIVE, CARROLLTON, TX, 75007","Match","Exact","1436 PARKWOOD DR, CARROLLTON, TX, 75007",103423835,"R"
61861,"1436 PRINCETON DR NE","ALBUQUERQUE","NM",87106,35.099477678,-106.615132932,361,"1436 PRINCETON DR NE, ALBUQUERQUE, NM, 87106","Match","Exact","1436 PRINCETON DR NE, ALBUQUERQUE, NM, 87106",206709575,"R"
61862,"1436 ROYAL PALM SQUARE BLVD","FORT MYERS","FM",33919,NA,NA,362,"1436 ROYAL PALM SQUARE BLVD, FORT MYERS, FM, 33919","No_Match",NA,NA,NA,NA
61863,"1436 STANBRIDGE ST","NORRISTOWN","PA",19401,40.1328519050001,-75.342642816,363,"1436 STANBRIDGE ST, NORRISTOWN, PA, 19401","Match","Exact","1436 STANBRIDGE ST, NORRISTOWN, PA, 19401",605664011,"R"
61864,"1436 STATE ROUTE 227","OIL CITY","PA",16301,41.4999872810001,-79.640538583,364,"1436 STATE ROUTE 227, OIL CITY, PA, 16301","Match","Exact","1436 STATE RTE 227, OIL CITY, PA, 16301",70758701,"R"
61865,"1436 W 105TH ST","LOS ANGELOS","CA",90047,33.940943254,-118.301122903,365,"1436 W 105TH ST, LOS ANGELOS, CA, 90047","Match","Non_Exact","1436 W 105TH ST, LOS ANGELES, CA, 90047",142753823,"L"
61866,"1436 W CHALONER DR","ROANOKE RAPIDS","NC",27870,36.443554899,-77.659859602,366,"1436 W CHALONER DR, ROANOKE RAPIDS, NC, 27870","Match","Exact","1436 W CHALONER DR, ROANOKE RAPIDS, NC, 27870",56713581,"L"
61867,"1436 W PONTIAC WAY","FRESNO","CA",93705,36.789459972,-119.828006725,367,"1436 W PONTIAC WAY, FRESNO, CA, 93705","Match","Exact","1436 W PONTIAC WAY, FRESNO, CA, 93705",197568855,"R"
61868,"1436 WEST 18TH STREET AND STE 4","CHICAGO","IL",60608,41.857857665,-87.66289397,368,"1436 WEST 18TH STREET AND STE 4, CHICAGO, IL, 60608","Match","Exact","1436 W 18TH ST, CHICAGO, IL, 60608",605014343,"R"
61869,"1436 WOODCREST DR","SOUTH BEND","IN",46617,41.6848087870001,-86.2265994049999,369,"1436 WOODCREST DR, SOUTH BEND, IN, 46617","Match","Exact","1436 WOODCREST DR, SOUTH BEND, IN, 46617",8054939,"R"
61870,"1436 YOUNG ST 301","HONOLULU","HI",96814,21.2990206810001,-157.839016975,370,"1436 YOUNG ST 301, HONOLULU, HI, 96814","Match","Exact","1436 YOUNG ST, HONOLULU, HI, 96814",203237460,"L"
61871,"14360 BELLAIRE BLVD  SUITE 120","HOUSTON","TX",77083,29.7040364010001,-95.637203993,371,"14360 BELLAIRE BLVD  SUITE 120, HOUSTON, TX, 77083","Match","Exact","14360 BELLAIRE BLVD, HOUSTON, TX, 77083",642209026,"R"
61872,"14360 BELLAIRE BLVD SUITE 120","HOUSTON","TX",77083,29.7040364010001,-95.637203993,372,"14360 BELLAIRE BLVD SUITE 120, HOUSTON, TX, 77083","Match","Exact","14360 BELLAIRE BLVD, HOUSTON, TX, 77083",642209026,"R"
61873,"14360 FALCON HEAD BLVD SUITE 100A","AUSTIN","TX",78738,30.3249456950001,-97.958290405,373,"14360 FALCON HEAD BLVD SUITE 100A, AUSTIN, TX, 78738","Match","Exact","14360 FALCON HEAD BLVD, AUSTIN, TX, 78738",617303924,"R"
61874,"14360 SAVANNAH CT","STRONGSVILLE","OH",44136,41.285272101,-81.8003599749999,374,"14360 SAVANNAH CT, STRONGSVILLE, OH, 44136","Match","Exact","14360 SAVANNAH CT, STRONGSVILLE, OH, 44136",629215821,"L"
61875,"14360 WYNDHAM LAKES BLVD","ORLANDO","FL",32824,28.35607235,-81.348115704,375,"14360 WYNDHAM LAKES BLVD, ORLANDO, FL, 32824","Match","Exact","14360 WYNDHAM LAKES BLVD, ORLANDO, FL, 32824",650064798,"R"
61876,"14361 19TH AVE NE","SEATTLE","WA",98125,47.7326889030001,-122.308690724,376,"14361 19TH AVE NE, SEATTLE, WA, 98125","Match","Exact","14361 19TH AVE NE, SEATTLE, WA, 98125",640611875,"L"
61877,"14361 SUPERIOR RD","CLEVELAND HTS","OH",44118,41.5101412750001,-81.5699613039999,377,"14361 SUPERIOR RD, CLEVELAND HTS, OH, 44118","Match","Exact","14361 SUPERIOR RD, CLEVELAND HEIGHTS, OH, 44118",61123169,"L"
61878,"14361 TOWN DR","BATON ROUGE","LA",70810,30.364341864,-91.059070879,378,"14361 TOWN DR, BATON ROUGE, LA, 70810","Match","Exact","14361 TOWN DR, BATON ROUGE, LA, 70810",628622153,"L"
61879,"14362 N FRANK LLOYD WRIGHT BLVD","SCOTTSDALE","AZ",85259,33.6170828620001,-111.871323598,379,"14362 N FRANK LLOYD WRIGHT BLVD, SCOTTSDALE, AZ, 85259","Match","Non_Exact","14362 N FRANK LLOYD WRIGHT BLVD, SCOTTSDALE, AZ, 85260",128961496,"L"
61880,"14362 N FRANK LLOYD WRIGHT BLVD","SCOTTSDALE","AZ",85260,33.6170828620001,-111.871323598,380,"14362 N FRANK LLOYD WRIGHT BLVD, SCOTTSDALE, AZ, 85260","Match","Exact","14362 N FRANK LLOYD WRIGHT BLVD, SCOTTSDALE, AZ, 85260",128961496,"L"
61881,"14362 SW 30TH STREET","MIAMI","FL",33175,25.739521075,-80.426554058,381,"14362 SW 30TH STREET, MIAMI, FL, 33175","Match","Exact","14362 SW 30TH ST, MIAMI, FL, 33175",640560096,"L"
61882,"14363 VIA ROCA","VICTORVILLE","CA",92392,34.4800760850001,-117.349553387,382,"14363 VIA ROCA, VICTORVILLE, CA, 92392","Match","Exact","14363 VIA ROCA, VICTORVILLE, CA, 92392",144743156,"R"
61883,"14365 SAN PAOLO LANE","CHARLOTTE","NC",28277,35.0533833040001,-80.855141283,383,"14365 SAN PAOLO LANE, CHARLOTTE, NC, 28277","Match","Exact","14365 SAN PAOLO LN, CHARLOTTE, NC, 28277",70628020,"L"
61884,"14365 SE VISTA HEIGHTS ST","HAPPY VALLEY","OR",97086,45.431654468,-122.515993997,384,"14365 SE VISTA HEIGHTS ST, HAPPY VALLEY, OR, 97086","Match","Non_Exact","14365 SE VISTA HEIGHTS DR, HAPPY VALLEY, OR, 97086",641448084,"R"
61885,"14365 SW 27TH CT","BEAVERTON","OR",97008,45.467781464,-122.823693803,385,"14365 SW 27TH CT, BEAVERTON, OR, 97008","Match","Exact","14365 SW 27TH CT, BEAVERTON, OR, 97008",623704628,"L"
61886,"14366 FM 1314 ROAD","CONROE","TX",77302,30.246095374,-95.388382576,386,"14366 FM 1314 ROAD, CONROE, TX, 77302","Match","Exact","14366 FM 1314 RD, CONROE, TX, 77302",653225460,"R"
61887,"14366 NORTH 1775 EAST RD","PONTIAC","IL",61764,40.8342879940001,-88.5896922329999,387,"14366 NORTH 1775 EAST RD, PONTIAC, IL, 61764","Match","Exact","14366 N 1775 E RD, PONTIAC, IL, 61764",611670779,"R"
61888,"14366 NORTH 1775 EAST ROAD","PONTIAC","IL",61764,40.8342879940001,-88.5896922329999,388,"14366 NORTH 1775 EAST ROAD, PONTIAC, IL, 61764","Match","Exact","14366 N 1775 E RD, PONTIAC, IL, 61764",611670779,"R"
61889,"14367 HENRY RD APT 21","HOUSTON","TX",77060,29.9079309270001,-95.3826738289999,389,"14367 HENRY RD APT 21, HOUSTON, TX, 77060","Match","Exact","14367 HENRY RD, HOUSTON, TX, 77060",96044788,"L"
61890,"14368 TANGLEWOOD DRIVE","FARMERS BRANCH","TX",75234,32.9402501060001,-96.856477522,390,"14368 TANGLEWOOD DRIVE, FARMERS BRANCH, TX, 75234","Match","Exact","14368 TANGLEWOOD DR, FARMERS BRANCH, TX, 75234",102897595,"R"
61891,"14369 COUNTY ROUTE 145","SACKETS HARBOR","NY",13685,NA,NA,391,"14369 COUNTY ROUTE 145, SACKETS HARBOR, NY, 13685","No_Match",NA,NA,NA,NA
61892,"14369 F M 1314","CONROE","TX",77302,30.2448857580001,-95.3869803649999,392,"14369 F M 1314, CONROE, TX, 77302","Match","Non_Exact","14369 FM 1314 RD, CONROE, TX, 77302",79284587,"R"
61893,"1437 38TH AVENUE","SAN FRANCISCO","CA",94112,37.7600774570001,-122.497307388,393,"1437 38TH AVENUE, SAN FRANCISCO, CA, 94112","Match","Non_Exact","1437 38TH AVE, SAN FRANCISCO, CA, 94122",192276898,"R"
61894,"1437 5TH AVENUE W UNIT B","KALISPELL","MT",59901,48.184466892,-114.316922944,394,"1437 5TH AVENUE W UNIT B, KALISPELL, MT, 59901","Match","Exact","1437 5TH AVE W, KALISPELL, MT, 59901",204124302,"R"
61895,"1437 67TH AVENUE","PHILADELPHIA","PA",19126,40.0553037710001,-75.1423654119999,395,"1437 67TH AVENUE, PHILADELPHIA, PA, 19126","Match","Exact","1437 67TH AVE, PHILADELPHIA, PA, 19126",131413736,"R"
61896,"1437 BATES ROAD","COTTONWOOD","AZ",86326,34.713742681,-111.992056714,396,"1437 BATES ROAD, COTTONWOOD, AZ, 86326","Match","Exact","1437 BATES RD, COTTONWOOD, AZ, 86326",635507545,"R"
61897,"1437 BRETMOOR WAY","SAN JOSE","CA",95129,37.298578089,-122.022600605,397,"1437 BRETMOOR WAY, SAN JOSE, CA, 95129","Match","Exact","1437 BRETMOOR WAY, SAN JOSE, CA, 95129",122940753,"R"
61898,"1437 BREWER LANE","CELINA","TX",75009,33.3319440700001,-96.760789722,398,"1437 BREWER LANE, CELINA, TX, 75009","Match","Exact","1437 BREWER LN, CELINA, TX, 75009",642931889,"L"
61899,"1437 CEDAR PINE DRIVE","DELTONA","FL",32725,28.867577705,-81.235613648,399,"1437 CEDAR PINE DRIVE, DELTONA, FL, 32725","Match","Exact","1437 CEDAR PINE DR, DELTONA, FL, 32725",94596246,"R"
61900,"1437 CUMBERLAND CAVERNS ROAD","MCMINNVILLE","TN",37110,35.665200656,-85.684308637,400,"1437 CUMBERLAND CAVERNS ROAD, MCMINNVILLE, TN, 37110","Match","Exact","1437 CUMBERLAND CAVERNS RD, MCMINNVILLE, TN, 37110",81350858,"L"
61901,"1437 DARTMOUTH LN","DEERFIELD","IL",60015,42.161014892,-87.864441384,401,"1437 DARTMOUTH LN, DEERFIELD, IL, 60015","Match","Exact","1437 DARTMOUTH LN, DEERFIELD, IL, 60015",119650480,"L"
61902,"1437 DELMAR ST","JACKSONVILLE","FL",32205,30.2968367660001,-81.7487640589999,402,"1437 DELMAR ST, JACKSONVILLE, FL, 32205","Match","Exact","1437 DELMAR ST, JACKSONVILLE, FL, 32205",83938652,"L"
61903,"1437 DENVER AVENUE  231","LOVELAND","CO",80538,40.4079933840001,-105.044532203,403,"1437 DENVER AVENUE  231, LOVELAND, CO, 80538","Match","Exact","1437 DENVER AVE, LOVELAND, CO, 80538",639469017,"L"
61904,"1437 DUBUQUE DRIVE","OTLEY","IA",50214,41.447260649,-93.0754855389999,404,"1437 DUBUQUE DRIVE, OTLEY, IA, 50214","Match","Exact","1437 DUBUQUE DR, OTLEY, IA, 50214",648620256,"L"
61905,"1437 E 15TH ST","BROOKLYN","NY",11230,40.614571605,-73.959375213,405,"1437 E 15TH ST, BROOKLYN, NY, 11230","Match","Exact","1437 E 15TH ST, BROOKLYN, NY, 11230",59089761,"L"
61906,"1437 EAST 900 SOUTH","SALT LAKE CITY","UT",84105,40.7498048520001,-111.850090453,406,"1437 EAST 900 SOUTH, SALT LAKE CITY, UT, 84105","Match","Exact","1437 E 900 S, SALT LAKE CITY, UT, 84105",176080638,"L"
61907,"1437 FAIRFIELD AVENUE","CHARLESTON","SC",29407,32.79930683,-80.004595105,407,"1437 FAIRFIELD AVENUE, CHARLESTON, SC, 29407","Match","Exact","1437 FAIRFIELD AVE, CHARLESTON, SC, 29407",108803073,"L"
61908,"1437 HARMONY DRIVE","RACINE","WI",53402,42.7634046360001,-87.7977353919999,408,"1437 HARMONY DRIVE, RACINE, WI, 53402","Match","Exact","1437 HARMONY DR, RACINE, WI, 53402",77905996,"L"
61909,"1437 HERSCHEL AVENUE","CINCINNATI","OH",45208,39.1364908400001,-84.420993283,409,"1437 HERSCHEL AVENUE, CINCINNATI, OH, 45208","Match","Exact","1437 HERSCHEL AVE, CINCINNATI, OH, 45208",103933228,"L"
61910,"1437 INDUSTRIAL AVE B","ESCONDIDO","CA",92029,33.1201540160001,-117.10812548,410,"1437 INDUSTRIAL AVE B, ESCONDIDO, CA, 92029","Match","Exact","1437 INDUSTRIAL AVE, ESCONDIDO, CA, 92029",195311764,"L"
61911,"1437 KILAUEA AVE  RM 102B","HILO","HI",96720,19.708103786,-155.075549411,411,"1437 KILAUEA AVE  RM 102B, HILO, HI, 96720","Match","Exact","1437 KILAUEA AVE, HILO, HI, 96720",614313901,"R"
61912,"1437 MAIN AVE","SACRAMENTO","CA",95838,38.6546578470001,-121.433050385,412,"1437 MAIN AVE, SACRAMENTO, CA, 95838","Match","Exact","1437 MAIN AVE, SACRAMENTO, CA, 95838",133329711,"L"
61913,"1437 N HWY US 1 UNIT CY","ORMOND BEACH","FL",32174,NA,NA,413,"1437 N HWY US 1 UNIT CY, ORMOND BEACH, FL, 32174","No_Match",NA,NA,NA,NA
61914,"1437 NORTH GREENWOOD AVE","FORT SMITH","AR",72904,35.3903743660001,-94.403056592,414,"1437 NORTH GREENWOOD AVE, FORT SMITH, AR, 72904","Match","Non_Exact","1437 N GREENWOOD AVE, FORT SMITH, AR, 72901",56102242,"L"
61915,"1437 OAKVIEW DRIVE","MCLEAN","VA",22101,38.9307577340001,-77.162038186,415,"1437 OAKVIEW DRIVE, MCLEAN, VA, 22101","Match","Exact","1437 OAKVIEW DR, MCLEAN, VA, 22101",75963679,"L"
61916,"1437 OCEAN AVENUE","SAN FRANCISCO","CA",94112,37.724164134,-122.457634298,416,"1437 OCEAN AVENUE, SAN FRANCISCO, CA, 94112","Match","Exact","1437 OCEAN AVE, SAN FRANCISCO, CA, 94112",192299338,"L"
61917,"1437 OLYMPIC CT","EVANSVILLE","IN",47715,37.957784626,-87.482889229,417,"1437 OLYMPIC CT, EVANSVILLE, IN, 47715","Match","Exact","1437 OLYMPIC CT, EVANSVILLE, IN, 47715",636636660,"R"
61918,"1437 PLANK ROAD","WEBSTER","NY",14580,43.1817626230001,-77.417743205,418,"1437 PLANK ROAD, WEBSTER, NY, 14580","Match","Exact","1437 PLANK RD, WEBSTER, NY, 14580",14577059,"R"
61919,"1437 POST RD","SAN MARCOS","TX",78666,29.8956179900001,-97.922922604,419,"1437 POST RD, SAN MARCOS, TX, 78666","Match","Exact","1437 POST RD, SAN MARCOS, TX, 78666",63810660,"L"
61920,"1437 S 190TH PLAZA","OMAHA","NE",68130,41.244567105,-96.214589356,420,"1437 S 190TH PLAZA, OMAHA, NE, 68130","Match","Exact","1437 S 190TH PLZ, OMAHA, NE, 68130",646909159,"L"
61921,"1437 S JACKSON ST","SEATTLE","WA",98144,47.599203313,-122.313536039,421,"1437 S JACKSON ST, SEATTLE, WA, 98144","Match","Exact","1437 S JACKSON ST, SEATTLE, WA, 98144",186592862,"R"
61922,"1437 S WALNUT AVENUE","NEW BRAUNFELS","TX",78130,29.6794029870001,-98.1228078519999,422,"1437 S WALNUT AVENUE, NEW BRAUNFELS, TX, 78130","Match","Exact","1437 S WALNUT AVE, NEW BRAUNFELS, TX, 78130",72255251,"R"
61923,"1437 SE KNAPP STREET","PORTLAND","OR",97202,45.4715491110001,-122.651289618,423,"1437 SE KNAPP STREET, PORTLAND, OR, 97202","Match","Exact","1437 SE KNAPP ST, PORTLAND, OR, 97202",157510405,"L"
61924,"1437 SHREVE LANE","NEENAH","WI",54956,44.197573247,-88.495557053,424,"1437 SHREVE LANE, NEENAH, WI, 54956","Match","Exact","1437 SHREVE LN, NEENAH, WI, 54956",74502097,"L"
61925,"1437 SOFTWIND DR","INDIANAPOLIS","IN",46260,39.8760691050001,-86.1848688599999,425,"1437 SOFTWIND DR, INDIANAPOLIS, IN, 46260","Match","Exact","1437 SOFTWIND DR, INDIANAPOLIS, IN, 46260",636101621,"L"
61926,"1437 TANGLEWOOD TRAIL","NORTHLAKE","TX",76226,33.0718369590001,-97.22925756,426,"1437 TANGLEWOOD TRAIL, NORTHLAKE, TX, 76226","Match","Exact","1437 TANGLEWOOD TRL, NORTHLAKE, TX, 76226",646867014,"R"
61927,"1437 THOROUGHBRED TRAIL","PARKTON","NC",28371,34.9534297910001,-78.980873762,427,"1437 THOROUGHBRED TRAIL, PARKTON, NC, 28371","Match","Exact","1437 THOROUGHBRED TRL, PARKTON, NC, 28371",635327795,"L"
61928,"1437 W CENTINELA AVE","INGLEWOOD","CA",90302,33.976801858,-118.364263472,428,"1437 W CENTINELA AVE, INGLEWOOD, CA, 90302","Match","Exact","1437 CENTINELA AVE, INGLEWOOD, CA, 90302",141653676,"L"
61929,"1437 WASHINGTON AVE","NEW ORLEANS","LA",70130,29.929066259,-90.084568363,429,"1437 WASHINGTON AVE, NEW ORLEANS, LA, 70130","Match","Exact","1437 WASHINGTON AVE, NEW ORLEANS, LA, 70130",191713996,"R"
61930,"1437 WILLOW DRIVE","WASHINGTON","IL",61571,40.7250003130001,-89.4343855129999,430,"1437 WILLOW DRIVE, WASHINGTON, IL, 61571","Match","Exact","1437 WILLOW DR, WASHINGTON, IL, 61571",633826414,"R"
61931,"14370 91ST AVE","SEMINOLE","FL",33776,27.855579408,-82.8369451629999,431,"14370 91ST AVE, SEMINOLE, FL, 33776","Match","Exact","14370 91ST AVE, SEMINOLE, FL, 33776",124672768,"L"
61932,"14370 PARALLEL RD","BASEHOR","KS",66007,39.1286631670001,-94.911940599,432,"14370 PARALLEL RD, BASEHOR, KS, 66007","Match","Exact","14370 PARALLEL RD, BASEHOR, KS, 66007",91411331,"R"
61933,"14370 ROSEMONT","DETROIT","MI",48223,42.3923478820001,-83.22011285,433,"14370 ROSEMONT, DETROIT, MI, 48223","Match","Non_Exact","14370 ROSEMONT AVE, DETROIT, MI, 48223",95423431,"R"
61934,"14370 SULLYFIELD CIR STE A","CHANTILLY","VA",20151,38.8902801690001,-77.4395943439999,434,"14370 SULLYFIELD CIR STE A, CHANTILLY, VA, 20151","Match","Exact","14370 SULLYFIELD CIR, CHANTILLY, VA, 20151",636692581,"L"
61935,"14370 SW 205 AVENUE","MIAMI","FL",33196,NA,NA,435,"14370 SW 205 AVENUE, MIAMI, FL, 33196","No_Match",NA,NA,NA,NA
61936,"14371 EUCLID STREET SUITE 2J","GARDEN GROVE","CA",92843,NA,NA,436,"14371 EUCLID STREET SUITE 2J, GARDEN GROVE, CA, 92843","No_Match",NA,NA,NA,NA
61937,"14371 HAYES RIDGE LANE","DILLSBORO","IN",47018,39.0062250440001,-85.083202004,437,"14371 HAYES RIDGE LANE, DILLSBORO, IN, 47018","Match","Exact","14371 HAYES RIDGE LN, DILLSBORO, IN, 47018",647748429,"L"
61938,"14372 NW GREENWOOD DRIVE","PORTLAND","OR",97229,45.561172995,-122.823220487,438,"14372 NW GREENWOOD DRIVE, PORTLAND, OR, 97229","Match","Exact","14372 NW GREENWOOD DR, PORTLAND, OR, 97229",158225879,"R"
61939,"14373 NOLEN LANE","CHARLOTTE","NC",28277,35.0505014880001,-80.855024541,439,"14373 NOLEN LANE, CHARLOTTE, NC, 28277","Match","Exact","14373 NOLEN LN, CHARLOTTE, NC, 28277",70542995,"R"
61940,"14373 SHADY HOLLOW LANE","CHINO HILLS","CA",91709,33.9915984530001,-117.752870483,440,"14373 SHADY HOLLOW LANE, CHINO HILLS, CA, 91709","Match","Exact","14373 SHADY HOLLOW LN, CHINO HILLS, CA, 91709",144968250,"L"
61941,"14373 SW 9TH COURT","PEMBROKE PINES","FL",33027,26.0001119070001,-80.334942024,441,"14373 SW 9TH COURT, PEMBROKE PINES, FL, 33027","Match","Exact","14373 SW 9TH CT, PEMBROKE PINES, FL, 33027",617675515,"R"
61942,"14374 BOREGO ROAD APT 106","VICTORVILLE","CA",92392,34.5116765590001,-117.334819008,442,"14374 BOREGO ROAD APT 106, VICTORVILLE, CA, 92392","Match","Exact","14374 BOREGO RD, VICTORVILLE, CA, 92392",144572156,"L"
61943,"14374 HILLCREST DRIVE","KING GEORGE","VA",22485,38.331464113,-77.092899551,443,"14374 HILLCREST DRIVE, KING GEORGE, VA, 22485","Match","Exact","14374 HILLCREST DR, KING GEORGE, VA, 22485",645572774,"R"
61944,"14375 BERLIN STATION RD","BERLIN CENTER","OH",44401,41.0098509320001,-80.9200264569999,444,"14375 BERLIN STATION RD, BERLIN CENTER, OH, 44401","Match","Exact","14375 BERLIN STATION RD, BERLIN CENTER, OH, 44401",64605089,"R"
61945,"14375 EBONY LN","APPLE VALLEY","MN",55124,44.7411589600001,-93.168315102,445,"14375 EBONY LN, APPLE VALLEY, MN, 55124","Match","Exact","14375 EBONY LN, APPLE VALLEY, MN, 55124",37920927,"R"
61946,"14376 GIORGIO DRIVE","SKIATOOK","OK",74070,36.3646861440001,-96.123795937,446,"14376 GIORGIO DRIVE, SKIATOOK, OK, 74070","Match","Exact","14376 GIORGIO DR, SKIATOOK, OK, 74070",645581137,"L"
61947,"14376 GUTHRIE AVE","APPLE VALLEY","MN",55124,44.7399326330001,-93.225117991,447,"14376 GUTHRIE AVE, APPLE VALLEY, MN, 55124","Match","Exact","14376 GUTHRIE AVE, APPLE VALLEY, MN, 55124",37907097,"L"
61948,"14377 ARDMORE","DETROIT","MI",48227,42.3931584150001,-83.184169023,448,"14377 ARDMORE, DETROIT, MI, 48227","Match","Non_Exact","14377 ARDMORE ST, DETROIT, MI, 48227",95424982,"L"
61949,"14377 AVENIDA CENTRAL","LA GRANGE","CA",95329,37.6557508390001,-120.330619237,449,"14377 AVENIDA CENTRAL, LA GRANGE, CA, 95329","Match","Exact","14377 AVE CENTRAL, LA GRANGE, CA, 95329",101380234,"L"
61950,"14377 E CARROLL BLVD","UNIVERSITY HEIGHTS","OH",44118,41.4921051910001,-81.521782957,450,"14377 E CARROLL BLVD, UNIVERSITY HEIGHTS, OH, 44118","Match","Exact","14377 E CARROLL BLVD, UNIVERSITY HEIGHTS, OH, 44118",61126012,"L"
61951,"14377 N CERAMIC FLUTE AVE","MARANA","AZ",85658,32.467229581,-111.205743162,451,"14377 N CERAMIC FLUTE AVE, MARANA, AZ, 85658","Match","Exact","14377 N CERAMIC FLUTE AVE, MARANA, AZ, 85658",646164793,"L"
61952,"14379 GRESHAM DRIVE","CALDWELL","ID",83607,43.614733368,-116.680933727,452,"14379 GRESHAM DRIVE, CALDWELL, ID, 83607","Match","Exact","14379 GRESHAM DR, CALDWELL, ID, 83607",122849096,"R"
61953,"14379 WILSON DRIVE","EDEN PRAIRIE","MN",55347,44.854704956,-93.458203512,453,"14379 WILSON DRIVE, EDEN PRAIRIE, MN, 55347","Match","Exact","14379 WILSON DR, EDEN PRAIRIE, MN, 55347",641233488,"R"
61954,"1438 13TH AVENUE","MITCHELL","NE",69357,41.9418025730001,-103.805955066,454,"1438 13TH AVENUE, MITCHELL, NE, 69357","Match","Exact","1438 13TH AVE, MITCHELL, NE, 69357",160060531,"L"
61955,"1438 19TH ST","SARASOTA","FL",34234,27.35400407,-82.541973253,455,"1438 19TH ST, SARASOTA, FL, 34234","Match","Exact","1438 19TH ST, SARASOTA, FL, 34234",16395725,"R"
61956,"1438 7TH AVE S","FARGO","ND",58103,46.8678574200001,-96.802508459,456,"1438 7TH AVE S, FARGO, ND, 58103","Match","Exact","1438 7TH AVE S, FARGO, ND, 58103",151470070,"L"
61957,"1438 9TH STREET SUITE B","SANTA MONICA","CA",90401,34.019383953,-118.48942553,457,"1438 9TH STREET SUITE B, SANTA MONICA, CA, 90401","Match","Exact","1438 9TH ST, SANTA MONICA, CA, 90401",142716006,"R"
61958,"1438 ARDEN VIEW DR","ARDEN HILLS","MN",55112,45.0756490110001,-93.158884292,458,"1438 ARDEN VIEW DR, ARDEN HILLS, MN, 55112","Match","Exact","1438 ARDEN VIEW DR, ARDEN HILLS, MN, 55112",97688429,"R"
61959,"1438 ASHMENT AVE","IDAHO FALLS","ID",83404,43.4847067520001,-111.988668991,459,"1438 ASHMENT AVE, IDAHO FALLS, ID, 83404","Match","Exact","1438 ASHMENT AVE, IDAHO FALLS, ID, 83404",119184246,"L"
61960,"1438 BRIDFORD PARKWAY APT A","GREENSBORO","NC",27407,36.047516258,-79.902758061,460,"1438 BRIDFORD PARKWAY APT A, GREENSBORO, NC, 27407","Match","Exact","1438 BRIDFORD PKWY, GREENSBORO, NC, 27407",641625227,"L"
61961,"1438 CAMPBELL RD STE 115","HOUSTON","TX",77055,29.7959684530001,-95.513898533,461,"1438 CAMPBELL RD STE 115, HOUSTON, TX, 77055","Match","Exact","1438 CAMPBELL RD, HOUSTON, TX, 77055",96635574,"R"
61962,"1438 CODDLE CREEK ROAD","MOORESVILLE","NC",28115,35.55374583,-80.77920378,462,"1438 CODDLE CREEK ROAD, MOORESVILLE, NC, 28115","Match","Non_Exact","1438 CODDLE CREEK HWY, MOORESVILLE, NC, 28115",45992579,"L"
61963,"1438 COUNTY ROAD 130","BELLEFONTAINE","OH",43311,40.375013885,-83.779744971,463,"1438 COUNTY ROAD 130, BELLEFONTAINE, OH, 43311","Match","Exact","1438 CO RD 130, BELLEFONTAINE, OH, 43311",640630750,"R"
61964,"1438 E 50TH ST","LOS ANGELES","CA",90011,33.9975134320001,-118.249038054,464,"1438 E 50TH ST, LOS ANGELES, CA, 90011","Match","Exact","1438 E 50TH ST, LOS ANGELES, CA, 90011",141620286,"R"
61965,"1438 EAST LAKEVIEW DR APT 300","JOHNSON","TN",37601,36.351766694,-82.342308265,465,"1438 EAST LAKEVIEW DR APT 300, JOHNSON, TN, 37601","Match","Non_Exact","1438 E LAKEVIEW DR, JOHNSON CITY, TN, 37601",127923884,"R"
61966,"1438 EDRIS DRIVE","LOS ANGELES","CA",90035,34.05367878,-118.397523755,466,"1438 EDRIS DRIVE, LOS ANGELES, CA, 90035","Match","Exact","1438 EDRIS DR, LOS ANGELES, CA, 90035",141572663,"L"
61967,"1438 GREYTHORNE DRIVE","ORION","MI",48359,42.7160227150001,-83.215080528,467,"1438 GREYTHORNE DRIVE, ORION, MI, 48359","Match","Non_Exact","1438 E GREYTHORNE DR, ORION, MI, 48359",630329990,"L"
61968,"1438 KEYS POND ROAD","RIDGE SPRING","SC",29129,33.746708911,-81.639556036,468,"1438 KEYS POND ROAD, RIDGE SPRING, SC, 29129","Match","Exact","1438 KEYS POND RD, RIDGE SPRING, SC, 29129",64999294,"L"
61969,"1438 LONGHORN PARKWAY","AXTELL","TX",76624,31.654341437,-96.979944448,469,"1438 LONGHORN PARKWAY, AXTELL, TX, 76624","Match","Exact","1438 LONGHORN PKWY, AXTELL, TX, 76624",146747277,"R"
61970,"1438 PEBBLE RIDGE LANE","HAMPTON","GA",30228,33.4508048480001,-84.346849177,470,"1438 PEBBLE RIDGE LANE, HAMPTON, GA, 30228","Match","Exact","1438 PEBBLE RIDGE LN, HAMPTON, GA, 30228",23328752,"L"
61971,"1438 S DUNFRIES STREET","FLOSSMOOR","IL",60422,41.536030118,-87.704326542,471,"1438 S DUNFRIES STREET, FLOSSMOOR, IL, 60422","Match","Exact","1438 DUNFRIES ST, FLOSSMOOR, IL, 60422",112388015,"R"
61972,"1438 SABAL TRAIL","WESTON","FL",33327,26.123757917,-80.4140185099999,472,"1438 SABAL TRAIL, WESTON, FL, 33327","Match","Exact","1438 SABAL TRL, WESTON, FL, 33327",114803026,"L"
61973,"1438 SENECA ST","STORM LAKE","IA",50588,42.656723223,-95.196602616,473,"1438 SENECA ST, STORM LAKE, IA, 50588","Match","Non_Exact","1438 N SENECA ST, STORM LAKE, IA, 50588",77384666,"L"
61974,"1438 STILLHOUSE RIDGE LANE","CHARLOTTESVILLE","VA",22903,37.994900532,-78.714607293,474,"1438 STILLHOUSE RIDGE LANE, CHARLOTTESVILLE, VA, 22903","Match","Exact","1438 STILLHOUSE RIDGE LN, CHARLOTTESVILLE, VA, 22903",632519141,"R"
61975,"1438 TWIN BRANCHES CIR","MARIETTA","GA",30067,33.917839966,-84.47318769,475,"1438 TWIN BRANCHES CIR, MARIETTA, GA, 30067","Match","Exact","1438 TWIN BRANCHES CIR, MARIETTA, GA, 30067",17187286,"L"
61976,"1438 TWIN FEATHER DR","MURFREESBORO","TN",37129,35.8902006230001,-86.4082035169999,476,"1438 TWIN FEATHER DR, MURFREESBORO, TN, 37129","Match","Exact","1438 TWIN FEATHER DR, MURFREESBORO, TN, 37129",59010678,"L"
61977,"1438 W MOONGLO RD","SCOTTSBURG","IN",47170,38.7068937500001,-85.802705765,477,"1438 W MOONGLO RD, SCOTTSBURG, IN, 47170","Match","Exact","1438 W MOONGLO RD, SCOTTSBURG, IN, 47170",651403202,"R"
61978,"1438 WEST NORTON   SUITE N-7","MUSKEGON","MI",49441,43.1908467530001,-86.279445887,478,"1438 WEST NORTON   SUITE N-7, MUSKEGON, MI, 49441","Match","Non_Exact","1438 W NORTON AVE, MUSKEGON, MI, 49441",77652636,"R"
61979,"1438 YELLOWSTONE AVENUE","MEDFORD","OR",97504,42.311438459,-122.818165627,479,"1438 YELLOWSTONE AVENUE, MEDFORD, OR, 97504","Match","Exact","1438 YELLOWSTONE AVE, MEDFORD, OR, 97504",636599693,"R"
61980,"14380 AMARGOSA RD","VICTORVILLE","CA",92392,34.5115771960001,-117.330177586,480,"14380 AMARGOSA RD, VICTORVILLE, CA, 92392","Match","Exact","14380 AMARGOSA RD, VICTORVILLE, CA, 92392",144572056,"L"
61981,"14380 CHESTNUT RIDGE CT","JACKSONVILLE","FL",32258,30.1177481190001,-81.494706369,481,"14380 CHESTNUT RIDGE CT, JACKSONVILLE, FL, 32258","Match","Exact","14380 CHESTNUT RIDGE CT, JACKSONVILLE, FL, 32258",624995860,"L"
61982,"14380 COGBURN RD","MILTON","GA",30004,34.13157482,-84.281875882,482,"14380 COGBURN RD, MILTON, GA, 30004","Match","Exact","14380 COGBURN RD, MILTON, GA, 30004",642700727,"R"
61983,"14380 TAMIAMI TRAIL","NORTH PORT","FL",34287,27.0430474250001,-82.234508024,483,"14380 TAMIAMI TRAIL, NORTH PORT, FL, 34287","Match","Non_Exact","14380 TAMIAMI TRL S, NORTH PORT, FL, 34287",16429115,"R"
61984,"14381 VALEDA DRIVE","LA MIRADA","CA",90638,33.911464928,-118.025257198,484,"14381 VALEDA DRIVE, LA MIRADA, CA, 90638","Match","Exact","14381 VALEDA DR, LA MIRADA, CA, 90638",141750174,"L"
61985,"14382 ROUTE 20 SOUTH ROAD","ROCK CAVE","WV",26234,NA,NA,485,"14382 ROUTE 20 SOUTH ROAD, ROCK CAVE, WV, 26234","No_Match",NA,NA,NA,NA
61986,"14383 CHALFONT DRIVE","HAYMARKET","VA",20169,38.825176066,-77.616524666,486,"14383 CHALFONT DRIVE, HAYMARKET, VA, 20169","Match","Exact","14383 CHALFONT DR, HAYMARKET, VA, 20169",207142274,"R"
61987,"14383 NEWBROOK DR SUITE 116","CHANTILLY","VA",20151,38.8783584550001,-77.4448908109999,487,"14383 NEWBROOK DR SUITE 116, CHANTILLY, VA, 20151","Match","Exact","14383 NEWBROOK DR, CHANTILLY, VA, 20151",641081204,"R"
61988,"14387 EAST CAVE AVE","EL PASO","TX",79938,31.773086345,-106.217896854,488,"14387 EAST CAVE AVE, EL PASO, TX, 79938","Match","Exact","14387 E CAVE AVE, EL PASO, TX, 79938",642024909,"L"
61989,"14387 N PRESIDIO LOOP","NAMPA","ID",83651,43.5817604760001,-116.61389959,489,"14387 N PRESIDIO LOOP, NAMPA, ID, 83651","Match","Exact","14387 N PRESIDIO LOOP, NAMPA, ID, 83651",647488621,"R"
61990,"14389 BRAMELL","DETROIT","MI",48223,42.3914994890001,-83.2645201409999,490,"14389 BRAMELL, DETROIT, MI, 48223","Match","Exact","14389 BRAMELL, DETROIT, MI, 48223",95503040,"L"
61991,"14389 EAST COUNTY LINE ROAD","LONGMONT","CO",80504,40.23201572,-105.055089428,491,"14389 EAST COUNTY LINE ROAD, LONGMONT, CO, 80504","Match","Exact","14389 E COUNTY LINE RD, LONGMONT, CO, 80504",651758773,"R"
61992,"1439  CALAVERITAS ROAD","SAN  ANDREAS","CA",95249,38.186040545,-120.659241693,492,"1439  CALAVERITAS ROAD, SAN  ANDREAS, CA, 95249","Match","Exact","1439 CALAVERITAS RD, SAN ANDREAS, CA, 95249",624062561,"R"
61993,"1439 5TH AVENUE","BAY SHORE","NY",11706,40.7447079080001,-73.263979247,493,"1439 5TH AVENUE, BAY SHORE, NY, 11706","Match","Exact","1439 5TH AVE, BAY SHORE, NY, 11706",113995564,"L"
61994,"1439 AUSTIN ST","SPRINGDALE","AR",72762,36.173176471,-94.171927069,494,"1439 AUSTIN ST, SPRINGDALE, AR, 72762","Match","Exact","1439 AUSTIN ST, SPRINGDALE, AR, 72762",49061761,"L"
61995,"1439 COLONIAL ROAD","HARRISBURG","PA",17112,40.3202668230001,-76.823603847,495,"1439 COLONIAL ROAD, HARRISBURG, PA, 17112","Match","Exact","1439 COLONIAL RD, HARRISBURG, PA, 17112",608438075,"R"
61996,"1439 COUNTY ROAD 24","CHILDRESS","TX",79201,34.4997395720001,-100.53349336,496,"1439 COUNTY ROAD 24, CHILDRESS, TX, 79201","Match","Exact","1439 CO RD 24, CHILDRESS, TX, 79201",164764455,"L"
61997,"1439 COUNTY ROAD 318","CLEVELAND","TX",77327,30.3198959220001,-95.063909909,497,"1439 COUNTY ROAD 318, CLEVELAND, TX, 77327","Match","Exact","1439 CO RD 318, CLEVELAND, TX, 77327",635407501,"L"
61998,"1439 COURT PLACE","DENVER","CO",80202,39.74102213,-104.990626645,498,"1439 COURT PLACE, DENVER, CO, 80202","Match","Exact","1439 COURT PL, DENVER, CO, 80202",177304718,"L"
61999,"1439 E PORTNER ST","WEST COVINA","CA",91791,34.056348353,-117.91555697,499,"1439 E PORTNER ST, WEST COVINA, CA, 91791","Match","Exact","1439 E PORTNER ST, WEST COVINA, CA, 91791",141715549,"L"
62000,"1439 EASTWOOD ST","BISMARCK","ND",58504,46.7887842700001,-100.795443579,500,"1439 EASTWOOD ST, BISMARCK, ND, 58504","Match","Exact","1439 EASTWOOD ST, BISMARCK, ND, 58504",198865965,"L"
