"ID","Address","City","State","Zip","lat","long","id","input_address","match_indicator","match_type","matched_address","tiger_line_id","tiger_side"
168501,"315 ELLERS GROVE","COLORADO SPRINGS","CO",80916,38.827105423,-104.734409905,1,"315 ELLERS GROVE, COLORADO SPRINGS, CO, 80916","Match","Exact","315 ELLERS GROVE, COLORADO SPRINGS, CO, 80916",105573673,"R"
168502,"315 EVERGREEN DR","LAKE PARK","FL",33403,26.7965451150001,-80.058903395,2,"315 EVERGREEN DR, LAKE PARK, FL, 33403","Match","Exact","315 EVERGREEN DR, LAKE PARK, FL, 33403",115527845,"R"
168503,"315 FALLER DR APT D","NEW MILFORD","NJ",7646,40.9266324610001,-74.019604551,3,"315 FALLER DR APT D, NEW MILFORD, NJ, 7646","Match","Exact","315 FALLER DR, NEW MILFORD, NJ, 07646",641188667,"L"
168504,"315 FAYETTE STREET","MANLIUS","NY",13104,43.004914566,-75.983296144,4,"315 FAYETTE STREET, MANLIUS, NY, 13104","Match","Exact","315 FAYETTE ST, MANLIUS, NY, 13104",46623711,"L"
168505,"315 FELDSPAR WAY","DURHAM","NC",27703,35.9871139910001,-78.823521294,5,"315 FELDSPAR WAY, DURHAM, NC, 27703","Match","Exact","315 FELDSPAR WAY, DURHAM, NC, 27703",71761444,"R"
168506,"315 FIFTH STREET","PERU","IL",61354,41.329151004,-89.1096961109999,6,"315 FIFTH STREET, PERU, IL, 61354","Match","Exact","315 5TH ST, PERU, IL, 61354",8597302,"L"
168507,"315 FLATBUSH AVE BOX 516","BROOKLYN","NY",11217,40.678456586,-73.973368072,7,"315 FLATBUSH AVE BOX 516, BROOKLYN, NY, 11217","Match","Exact","315 FLATBUSH AVE, BROOKLYN, NY, 11217",59077738,"L"
168508,"315 FLATBUSH AVE STE 398","BROOKLYN","NY",11217,40.678456586,-73.973368072,8,"315 FLATBUSH AVE STE 398, BROOKLYN, NY, 11217","Match","Exact","315 FLATBUSH AVE, BROOKLYN, NY, 11217",59077738,"L"
168509,"315 FLATBUSH AVE STE 425","BROOKLYN","NY",11217,40.678456586,-73.973368072,9,"315 FLATBUSH AVE STE 425, BROOKLYN, NY, 11217","Match","Exact","315 FLATBUSH AVE, BROOKLYN, NY, 11217",59077738,"L"
168510,"315 FLATBUSH AVE SUITE 113","BROOKLYN","NY",11217,40.678456586,-73.973368072,10,"315 FLATBUSH AVE SUITE 113, BROOKLYN, NY, 11217","Match","Exact","315 FLATBUSH AVE, BROOKLYN, NY, 11217",59077738,"L"
168511,"315 FLATBUSH AVENUE SUITE 113","BROOKLYN","NY",11217,40.678456586,-73.973368072,11,"315 FLATBUSH AVENUE SUITE 113, BROOKLYN, NY, 11217","Match","Exact","315 FLATBUSH AVE, BROOKLYN, NY, 11217",59077738,"L"
168512,"315 FLYFOOT DRIVE","STEPHENSON","VA",22656,39.227206988,-78.101431782,12,"315 FLYFOOT DRIVE, STEPHENSON, VA, 22656","Match","Exact","315 FLYFOOT DR, STEPHENSON, VA, 22656",648067736,"L"
168513,"315 FOREST RD","ATHENS","GA",30605,33.919023549,-83.337762915,13,"315 FOREST RD, ATHENS, GA, 30605","Match","Exact","315 FOREST RD, ATHENS, GA, 30605",642557171,"L"
168514,"315 FRENCH STREET","PEARISBURG","VI",24134,NA,NA,14,"315 FRENCH STREET, PEARISBURG, VI, 24134","No_Match",NA,NA,NA,NA
168515,"315 GEORGIA AVENUE NORTH","GOLDEN VALLEY","MN",55427,44.9809661360001,-93.363595301,15,"315 GEORGIA AVENUE NORTH, GOLDEN VALLEY, MN, 55427","Match","Exact","315 GEORGIA AVE N, GOLDEN VALLEY, MN, 55427",43831499,"L"
168516,"315 GOLDEN GATE AVE   PO BOX 305","NEW ALBANY","MS",38652,34.4874898410001,-89.0054408029999,16,"315 GOLDEN GATE AVE   PO BOX 305, NEW ALBANY, MS, 38652","Match","Exact","315 GOLDEN GATE AVE, NEW ALBANY, MS, 38652",76604294,"R"
168517,"315 GOLDSBOROUGH STREET","EASTON","MD",21601,38.775855183,-76.071431762,17,"315 GOLDSBOROUGH STREET, EASTON, MD, 21601","Match","Exact","315 GOLDSBOROUGH ST, EASTON, MD, 21601",68370569,"R"
168518,"315 HARRISON AVE","WAUKESHA","WI",53186,42.9978837290001,-88.23300368,18,"315 HARRISON AVE, WAUKESHA, WI, 53186","Match","Exact","315 HARRISON AVE, WAUKESHA, WI, 53186",53865901,"L"
168519,"315 HERKIMER STREET","BUFFALO","NY",14213,42.921402146,-78.8926729999999,19,"315 HERKIMER STREET, BUFFALO, NY, 14213","Match","Exact","315 HERKIMER ST, BUFFALO, NY, 14213",48288815,"R"
168520,"315 HICKS STREET","BROOKLYN","NY",11201,40.6919778180001,-73.9974211209999,20,"315 HICKS STREET, BROOKLYN, NY, 11201","Match","Exact","315 HICKS ST, BROOKLYN, NY, 11201",59074781,"L"
168521,"315 HIGH ST","FRANKFORT","KY",40601,38.198088064,-84.874306077,21,"315 HIGH ST, FRANKFORT, KY, 40601","Match","Exact","315 HIGH ST, FRANKFORT, KY, 40601",97047124,"R"
168522,"315 HIGH STREET","MANNINGTON","WV",26582,39.527427495,-80.344383223,22,"315 HIGH STREET, MANNINGTON, WV, 26582","Match","Exact","315 HIGH ST, MANNINGTON, WV, 26582",51446908,"R"
168523,"315 HOLBROOK LANE","SAGINAW","MI",48638,43.412850985,-84.0117954139999,23,"315 HOLBROOK LANE, SAGINAW, MI, 48638","Match","Exact","315 HOLBROOK LN, SAGINAW, MI, 48638",80214181,"L"
168524,"315 HOLLY ST","JESUP","GA",31545,31.6490191940001,-81.921840688,24,"315 HOLLY ST, JESUP, GA, 31545","Match","Exact","315 HOLLY ST, JESUP, GA, 31545",4853269,"L"
168525,"315 HOMEWOOD STREET","FAYETTEVILLE","NC",28306,35.034796785,-78.8905332799999,25,"315 HOMEWOOD STREET, FAYETTEVILLE, NC, 28306","Match","Exact","315 HOMEWOOD ST, FAYETTEVILLE, NC, 28306",64202027,"L"
168526,"315 HOUSTON","ATLANTA","TX",75551,33.127394903,-94.1698281979999,26,"315 HOUSTON, ATLANTA, TX, 75551","Match","Non_Exact","315 HOUSTON ST, ATLANTA, TX, 75551",57063657,"L"
168527,"315 HOWIE MINE ROAD","WAXHAW","NC",28173,NA,NA,27,"315 HOWIE MINE ROAD, WAXHAW, NC, 28173","No_Match",NA,NA,NA,NA
168528,"315 HUGH JONES ROAD","SUNBRIGHT","TN",37872,36.242956135,-84.6835531519999,28,"315 HUGH JONES ROAD, SUNBRIGHT, TN, 37872","Match","Exact","315 HUGH JONES RD, SUNBRIGHT, TN, 37872",635419142,"R"
168529,"315 HUGHES RD","DICKINSON","TX",77539,29.4435546060001,-95.0694628479999,29,"315 HUGHES RD, DICKINSON, TX, 77539","Match","Exact","315 HUGHES RD, DICKINSON, TX, 77539",96722850,"R"
168530,"315 IRA BIRDSEYE RD","CASTLETON","VT",5735,43.6045230460001,-73.1265535759999,30,"315 IRA BIRDSEYE RD, CASTLETON, VT, 5735","Match","Exact","315 BIRDSEYE RD, CASTLETON, VT, 05735",138946104,"R"
168531,"315 JIMMY COURT","LOS BANOS","CA",93635,37.0721773380001,-120.843468735,31,"315 JIMMY COURT, LOS BANOS, CA, 93635","Match","Exact","315 JIMMY CT, LOS BANOS, CA, 93635",125314929,"R"
168532,"315 JOHN RICE BOULEVARD","MURFREESBORO","TN",37129,35.8578281420001,-86.447646278,32,"315 JOHN RICE BOULEVARD, MURFREESBORO, TN, 37129","Match","Non_Exact","315 JOHN R RICE BLVD, MURFREESBORO, TN, 37129",606766424,"L"
168533,"315 JULIA PLACE","SARASOTA","FL",34236,27.333377442,-82.531648363,33,"315 JULIA PLACE, SARASOTA, FL, 34236","Match","Exact","315 JULIA PL, SARASOTA, FL, 34236",16350990,"L"
168534,"315 KEETH ROAD","CROCKER","MO",65452,37.944769341,-92.274155536,34,"315 KEETH ROAD, CROCKER, MO, 65452","Match","Exact","315 KEETH RD, CROCKER, MO, 65452",26405140,"L"
168535,"315 KRISTIN CT","UMATILLA","FL",32784,28.929015421,-81.660845012,35,"315 KRISTIN CT, UMATILLA, FL, 32784","Match","Exact","315 KRISTIN CT, UMATILLA, FL, 32784",94173097,"L"
168536,"315 KUULEI RD","KAILUA","HI",96734,21.3957937100001,-157.741440528,36,"315 KUULEI RD, KAILUA, HI, 96734","Match","Exact","315 KUULEI RD, KAILUA, HI, 96734",203262432,"L"
168537,"315 LAKE ROAD","TROUT RUN","PA",17771,41.386147196,-76.979787178,37,"315 LAKE ROAD, TROUT RUN, PA, 17771","Match","Exact","315 LAKE RD, TROUT RUN, PA, 17771",59484817,"L"
168538,"315 LCR 240","MEXIA","TX",76667,NA,NA,38,"315 LCR 240, MEXIA, TX, 76667","No_Match",NA,NA,NA,NA
168539,"315 LEE STREET","MERINO","CO",80741,40.483151874,-103.355985127,39,"315 LEE STREET, MERINO, CO, 80741","Match","Exact","315 LEE ST, MERINO, CO, 80741",136161892,"L"
168540,"315 LEONARD STREET","BROOKLYN","NY",11211,40.7148584620001,-73.947830149,40,"315 LEONARD STREET, BROOKLYN, NY, 11211","Match","Exact","315 LEONARD ST, BROOKLYN, NY, 11211",59076840,"L"
168541,"315 LINKMERE LANE","COVINGTON","GA",30014,33.5699291980001,-83.838621197,41,"315 LINKMERE LANE, COVINGTON, GA, 30014","Match","Exact","315 LINKMERE LN, COVINGTON, GA, 30014",23639375,"R"
168542,"315 LIVONIA AVENUE APT 6F","BROOKLYN","NY",11212,40.662996564,-73.90598448,42,"315 LIVONIA AVENUE APT 6F, BROOKLYN, NY, 11212","Match","Exact","315 LIVONIA AVE, BROOKLYN, NY, 11212",59084757,"L"
168543,"315 LOCKSLEY DR","BATON ROUGE","LA",70851,30.459140076,-91.041777823,43,"315 LOCKSLEY DR, BATON ROUGE, LA, 70851","Match","Non_Exact","315 LOCKSLEY DR, BATON ROUGE, LA, 70815",92191722,"L"
168544,"315 LOGAN ST","NEWPORT","AR",72112,35.612609165,-91.2761490789999,44,"315 LOGAN ST, NEWPORT, AR, 72112","Match","Exact","315 LOGAN ST, NEWPORT, AR, 72112",650833714,"L"
168545,"315 LUDLOW LANE","BLANCO","TX",78606,30.0448155440001,-98.3455754399999,45,"315 LUDLOW LANE, BLANCO, TX, 78606","Match","Exact","315 LUDLOW LN, BLANCO, TX, 78606",653214580,"L"
168546,"315 MADISON AVE APT 2","PATERSON","NJ",7524,40.9298560600001,-74.1502231549999,46,"315 MADISON AVE APT 2, PATERSON, NJ, 7524","Match","Exact","315 MADISON AVE, PATERSON, NJ, 07524",642139327,"L"
168547,"315 MAIN ST","DURYEA","PA",18642,41.350801141,-75.7638610939999,47,"315 MAIN ST, DURYEA, PA, 18642","Match","Exact","315 MAIN ST, DURYEA, PA, 18642",80925016,"L"
168548,"315 MAIN STREET SOUTH SUITE 20","PINE CITY","MN",55063,45.826389643,-92.970453603,48,"315 MAIN STREET SOUTH SUITE 20, PINE CITY, MN, 55063","Match","Exact","315 MAIN ST S, PINE CITY, MN, 55063",163098711,"L"
168549,"315 MARENGO","FOREST PARK","IL",60130,41.8808225220001,-87.8074010729999,49,"315 MARENGO, FOREST PARK, IL, 60130","Match","Non_Exact","315 MARENGO AVE, FOREST PARK, IL, 60130",605246770,"R"
168550,"315 MEIGS ROAD SUITE A144","SANTA BARBARA","CA",93109,34.4003671620001,-119.722296055,50,"315 MEIGS ROAD SUITE A144, SANTA BARBARA, CA, 93109","Match","Exact","315 MEIGS RD, SANTA BARBARA, CA, 93109",108607263,"L"
168551,"315 MERCER LANE","SMYRNA","TN",37167,35.9236366370001,-86.548437829,51,"315 MERCER LANE, SMYRNA, TN, 37167","Match","Exact","315 MERCER LN, SMYRNA, TN, 37167",617752000,"L"
168552,"315 MERLOT CT","VINE GROVE","KY",40175,37.8210493650001,-85.968823341,52,"315 MERLOT CT, VINE GROVE, KY, 40175","Match","Exact","315 MERLOT CT, VINE GROVE, KY, 40175",625272480,"R"
168553,"315 MILDRED STREET","COLUMBIANA","AL",35051,33.178054327,-86.603229361,53,"315 MILDRED STREET, COLUMBIANA, AL, 35051","Match","Exact","315 MILDRED ST, COLUMBIANA, AL, 35051",82059337,"R"
168554,"315 MILL STREET","SOUTH PLAINFIELD","NJ",7080,40.5807865850001,-74.413911936,54,"315 MILL STREET, SOUTH PLAINFIELD, NJ, 7080","Match","Exact","315 MILL ST, S PLAINFIELD, NJ, 07080",60261214,"L"
168555,"315 MONTGOMERY ST STE 915","SAN FRANCISCO","CA",94104,37.7920915990001,-122.402615786,55,"315 MONTGOMERY ST STE 915, SAN FRANCISCO, CA, 94104","Match","Exact","315 MONTGOMERY ST, SAN FRANCISCO, CA, 94104",192281290,"L"
168556,"315 MOSSBURN ROAD APT 305","CHARLOTTE","NC",28262,35.33813064,-80.7148721309999,56,"315 MOSSBURN ROAD APT 305, CHARLOTTE, NC, 28262","Match","Exact","315 MOSSBURN RD, CHARLOTTE, NC, 28262",641619483,"L"
168557,"315 MOUNTAIN VIEW DR","IDAHO SPRINGS","CO",80452,39.701245338,-105.487000758,57,"315 MOUNTAIN VIEW DR, IDAHO SPRINGS, CO, 80452","Match","Exact","315 MOUNTAIN VIEW DR, IDAHO SPRINGS, CO, 80452",179820010,"L"
168558,"315 MOUNTAIN WOOD","CANYON LAKE","TX",78133,29.925243445,-98.23763868,58,"315 MOUNTAIN WOOD, CANYON LAKE, TX, 78133","Match","Exact","315 MOUNTAIN WOOD, CANYON LAKE, TX, 78133",72238703,"L"
168559,"315 N 4TH ST","DARDANELLE","AR",72834,35.2207424690001,-93.158632417,59,"315 N 4TH ST, DARDANELLE, AR, 72834","Match","Exact","315 N 4TH ST, DARDANELLE, AR, 72834",24307726,"L"
168560,"315 N CALLE ALTA","NOGALES","AZ",85621,31.3377135600001,-110.930839457,60,"315 N CALLE ALTA, NOGALES, AZ, 85621","Match","Non_Exact","315 N CLL ALTA, NOGALES, AZ, 85621",120876485,"R"
168561,"315 N CRYSTAL FALLS LANE","HILLSBORO","IN",47949,NA,NA,61,"315 N CRYSTAL FALLS LANE, HILLSBORO, IN, 47949","Tie",NA,NA,NA,NA
168562,"315 N EDGEWOOD AVE","LA GRANGE PARK","IL",60526,41.8196566620001,-87.884724249,62,"315 N EDGEWOOD AVE, LA GRANGE PARK, IL, 60526","Match","Exact","315 N EDGEWOOD AVE, LA GRANGE PARK, IL, 60526",648877433,"L"
168563,"315 N FREMONT ST","RIVER FALLS","WI",54022,44.860917269,-92.629375656,63,"315 N FREMONT ST, RIVER FALLS, WI, 54022","Match","Exact","315 N FREMONT ST, RIVER FALLS, WI, 54022",95855885,"L"
168564,"315 N HIGH ST","CARLINVILLE","IL",62626,39.2823287630001,-89.878587291,64,"315 N HIGH ST, CARLINVILLE, IL, 62626","Match","Exact","315 N HIGH ST, CARLINVILLE, IL, 62626",97915038,"R"
168565,"315 N MAIN AVE STE 200","SIOUX FALLS","SD",57104,NA,NA,65,"315 N MAIN AVE STE 200, SIOUX FALLS, SD, 57104","Tie",NA,NA,NA,NA
168566,"315 N MAIN ST STE D","BOWLING GREEN","OH",43402,NA,NA,66,"315 N MAIN ST STE D, BOWLING GREEN, OH, 43402","Tie",NA,NA,NA,NA
168567,"315 N MAIN STREET SUITE  5","SALISBURY","NC",28144,NA,NA,67,"315 N MAIN STREET SUITE  5, SALISBURY, NC, 28144","Tie",NA,NA,NA,NA
168568,"315 N MILBY STREET","HOUSTON","TX",77003,NA,NA,68,"315 N MILBY STREET, HOUSTON, TX, 77003","Tie",NA,NA,NA,NA
168569,"315 N MORGAN STREET","METAMORA","IL",61548,40.7927808900001,-89.356767215,69,"315 N MORGAN STREET, METAMORA, IL, 61548","Match","Exact","315 N MORGAN ST, METAMORA, IL, 61548",8993241,"L"
168570,"315 N MYRTLE STREET","STARKE","FL",32091,29.947174574,-82.1166221299999,70,"315 N MYRTLE STREET, STARKE, FL, 32091","Match","Exact","315 N MYRTLE ST, STARKE, FL, 32091",6899506,"L"
168571,"315 N ORANGE AVENUE","SANFORD","FL",32771,28.8180097860001,-81.368628496,71,"315 N ORANGE AVENUE, SANFORD, FL, 32771","Match","Exact","315 N ORANGE AVE, SANFORD, FL, 32771",93747788,"R"
168572,"315 N PRAIRIE ST","BLOOMINGTON","IL",61701,40.480664431,-88.9909153249999,72,"315 N PRAIRIE ST, BLOOMINGTON, IL, 61701","Match","Exact","315 N PRAIRIE ST, BLOOMINGTON, IL, 61701",20545835,"R"
168573,"315 N PROSPECT STREET","HERKIMER","NY",13350,43.02730023,-74.9898894029999,73,"315 N PROSPECT STREET, HERKIMER, NY, 13350","Match","Exact","315 N PROSPECT ST, HERKIMER, NY, 13350",153718990,"L"
168574,"315 N WHITCOMB STREET","FORT COLLINS","CO",80521,40.591095255,-105.086054954,74,"315 N WHITCOMB STREET, FORT COLLINS, CO, 80521","Match","Exact","315 N WHITCOMB ST, FORT COLLINS, CO, 80521",188490863,"L"
168575,"315 NADINE AVENUE","GREENEVILLE","TN",37743,36.1253293710001,-82.866288487,75,"315 NADINE AVENUE, GREENEVILLE, TN, 37743","Match","Exact","315 NADINE AVE, GREENEVILLE, TN, 37743",127768228,"L"
168576,"315 NE 125 STREET","N. MIAMI","FL",33161,25.8900227290001,-80.192106109,76,"315 NE 125 STREET, N. MIAMI, FL, 33161","Match","Exact","315 NE 125TH ST, NORTH MIAMI, FL, 33161",116034401,"L"
168577,"315 NEW RIVER ROAD","MANVILLE","RI",2838,41.963525544,-71.467326556,77,"315 NEW RIVER ROAD, MANVILLE, RI, 2838","Match","Exact","315 NEW RIVER RD, MANVILLE, RI, 02838",651144733,"L"
168578,"315 NORTH DEWEY SUITE 215","NORTH PLATTE","NE",69103,NA,NA,78,"315 NORTH DEWEY SUITE 215, NORTH PLATTE, NE, 69103","No_Match",NA,NA,NA,NA
168579,"315 NORTH ELM STREET","LUMBERTON","NC",28359,34.618807518,-79.008635942,79,"315 NORTH ELM STREET, LUMBERTON, NC, 28359","Match","Non_Exact","315 N ELM ST, LUMBERTON, NC, 28358",49140760,"L"
168580,"315 NORTH GREAT NECK RD STE 116","VIRGINIA BEACH","VA",23454,36.8433668340001,-76.047984487,80,"315 NORTH GREAT NECK RD STE 116, VIRGINIA BEACH, VA, 23454","Match","Exact","315 N GREAT NECK RD, VIRGINIA BCH, VA, 23454",639307855,"L"
168581,"315 NORTH ST","ANDERSON","SC",29621,34.510412903,-82.637751667,81,"315 NORTH ST, ANDERSON, SC, 29621","Match","Exact","315 NORTH ST, ANDERSON, SC, 29621",25451464,"L"
168582,"315 NORTHERN BLVD APT 113","ALBANY","NY",12210,42.6654398960001,-73.756805317,82,"315 NORTHERN BLVD APT 113, ALBANY, NY, 12210","Match","Exact","315 NORTHERN BLVD, ALBANY, NY, 12210",18340871,"L"
168583,"315 NW 12TH AVE","DELRAY BEACH","FL",33444,26.4675107940001,-80.085047033,83,"315 NW 12TH AVE, DELRAY BEACH, FL, 33444","Match","Exact","315 NW 12TH AVE, DELRAY BEACH, FL, 33444",115290901,"R"
168584,"315 OAK STREET","NORTHFIELD","MN",55057,44.4571662340001,-93.147733589,84,"315 OAK STREET, NORTHFIELD, MN, 55057","Match","Exact","315 OAK ST, NORTHFIELD, MN, 55057",37314624,"R"
168585,"315 OAK STREET","SYRACUSE","NY",13203,43.0565728930001,-76.133388424,85,"315 OAK STREET, SYRACUSE, NY, 13203","Match","Exact","315 OAK ST, SYRACUSE, NY, 13203",46573214,"L"
168586,"315 OAKLAND AVE","JOHNSTOWN","PA",15902,40.2974989210001,-78.895172557,86,"315 OAKLAND AVE, JOHNSTOWN, PA, 15902","Match","Exact","315 OAKLAND AVE, JOHNSTOWN, PA, 15902",50233568,"R"
168587,"315 OLNEY STREET","PROVIDENCE","RI",2906,41.8358810390001,-71.3984834949999,87,"315 OLNEY STREET, PROVIDENCE, RI, 2906","Match","Exact","315 OLNEY ST, PROVIDENCE, RI, 02906",47465165,"R"
168588,"315 ORCHARD DRIVE","MOUNT LEBANON","PA",15228,40.3708991250001,-80.0435371469999,88,"315 ORCHARD DRIVE, MOUNT LEBANON, PA, 15228","Match","Exact","315 ORCHARD DR, MT LEBANON, PA, 15228",51632377,"L"
168589,"315 PARKVIEW DRIVE LOT 176","BOWLING GREEN","OH",43402,41.3892357610001,-83.647451533,89,"315 PARKVIEW DRIVE LOT 176, BOWLING GREEN, OH, 43402","Match","Exact","315 PARKVIEW DR, BOWLING GREEN, OH, 43402",38745242,"R"
168590,"315 PARMALEE PL","WAUKEGAN","IL",60087,42.3876739900001,-87.8333615179999,90,"315 PARMALEE PL, WAUKEGAN, IL, 60087","Match","Exact","315 PARMALEE PL, WAUKEGAN, IL, 60087",119629932,"L"
168591,"315 PAULISON AVENUE","PASSAIC","NJ",7055,40.8588255290001,-74.132776317,91,"315 PAULISON AVENUE, PASSAIC, NJ, 7055","Match","Exact","315 PAULISON AVE, PASSAIC, NJ, 07055",65252160,"L"
168592,"315 PEACH ST","COLUMBIA","MS",39429,31.257475825,-89.837233833,92,"315 PEACH ST, COLUMBIA, MS, 39429","Match","Exact","315 PEACH ST, COLUMBIA, MS, 39429",203474120,"L"
168593,"315 PEALE ST","JOLIET","IL",60433,41.5189484040001,-88.0405637169999,93,"315 PEALE ST, JOLIET, IL, 60433","Match","Exact","315 PEALE ST, JOLIET, IL, 60433",111547035,"R"
168594,"315 PEFFER STREET","HARRISBURG","PA",17102,40.2778665070001,-76.894119153,94,"315 PEFFER STREET, HARRISBURG, PA, 17102","Match","Exact","315 PEFFER ST, HARRISBURG, PA, 17102",70816813,"R"
168595,"315 PINEHILL ROAD","HILLSBOROUGH","CA",94010,37.5574526880001,-122.363726076,95,"315 PINEHILL ROAD, HILLSBOROUGH, CA, 94010","Match","Exact","315 PINEHILL RD, HILLSBOROUGH, CA, 94010",192376749,"L"
168596,"315 PISGAH CHURCH RD UNIT 3H","GREENSBORO","NC",27455,36.1321480890001,-79.794289249,96,"315 PISGAH CHURCH RD UNIT 3H, GREENSBORO, NC, 27455","Match","Exact","315 PISGAH CHURCH RD, GREENSBORO, NC, 27455",131030781,"L"
168597,"315 PLATER DRIVE","THIBODAUX","LA",70301,29.755922711,-90.802796475,97,"315 PLATER DRIVE, THIBODAUX, LA, 70301","Match","Exact","315 PLATER DR, THIBODAUX, LA, 70301",92340773,"R"
168598,"315 POINDEXTER LANE","LEXINGTON","SC",29072,34.023742514,-81.2795724169999,98,"315 POINDEXTER LANE, LEXINGTON, SC, 29072","Match","Exact","315 POINDEXTER LN, LEXINGTON, SC, 29072",70072581,"L"
168599,"315 RAIDER BLVD","WOLFFORTH","TX",79382,33.5133735750001,-102.013009726,99,"315 RAIDER BLVD, WOLFFORTH, TX, 79382","Match","Exact","315 RAIDER BLVD, WOLFFORTH, TX, 79382",185269682,"L"
168600,"315 RANDY ST","ASHLAND","OR",97520,42.2087948270001,-122.718504551,100,"315 RANDY ST, ASHLAND, OR, 97520","Match","Exact","315 RANDY ST, ASHLAND, OR, 97520",155588704,"R"
168601,"315 RIDGE ROAD","BARRINGTON","IL",60010,42.177206406,-88.1996184179999,101,"315 RIDGE ROAD, BARRINGTON, IL, 60010","Match","Exact","315 RIDGE RD, BARRINGTON, IL, 60010",119700286,"R"
168602,"315 RIDGE RUN DR","GEORGETOWN","TX",78628,30.615723491,-97.709259592,102,"315 RIDGE RUN DR, GEORGETOWN, TX, 78628","Match","Exact","315 RIDGE RUN DR, GEORGETOWN, TX, 78628",126444786,"L"
168603,"315 RIVER STREET","JACKSON","MN",56143,43.6237583880001,-94.9848211839999,103,"315 RIVER STREET, JACKSON, MN, 56143","Match","Exact","315 RIVER ST, JACKSON, MN, 56143",9935391,"L"
168604,"315 RIVERVIEW CT","FAIRBURN","GA",30213,33.5778296820001,-84.597403248,104,"315 RIVERVIEW CT, FAIRBURN, GA, 30213","Match","Exact","315 RIVERVIEW CT, FAIRBURN, GA, 30213",628100360,"R"
168605,"315 ROBERTS","ATHENS","GA",30606,33.9838411170001,-83.4394193259999,105,"315 ROBERTS, ATHENS, GA, 30606","Match","Non_Exact","315 ROBERTS RD, ATHENS, GA, 30606",4800757,"L"
168606,"315 ROCHESTER WAY UNIT 311","PRATTVILLE","AL",36066,32.4578297630001,-86.4147241809999,106,"315 ROCHESTER WAY UNIT 311, PRATTVILLE, AL, 36066","Match","Exact","315 ROCHESTER WAY, PRATTVILLE, AL, 36066",651814619,"L"
168607,"315 ROLAND MANOR DR","DACULA","GA",30019,34.005068973,-83.884381075,107,"315 ROLAND MANOR DR, DACULA, GA, 30019","Match","Exact","315 ROLAND MANOR DR, DACULA, GA, 30019",634065155,"R"
168608,"315 ROLLSTONE ST","FITCHBURG","MA",1420,42.5775728250001,-71.8058947,108,"315 ROLLSTONE ST, FITCHBURG, MA, 1420","Match","Exact","315 ROLLSTONE ST, FITCHBURG, MA, 01420",40028100,"R"
168609,"315 RUSSELL LANE","LONG LAKE","MN",55356,44.9843139020001,-93.552436778,109,"315 RUSSELL LANE, LONG LAKE, MN, 55356","Match","Exact","315 RUSSELL LN, LONG LAKE, MN, 55356",43603913,"L"
168610,"315 S 23RD ST","KINGSVILLE","TX",78363,27.5145501750001,-97.84422283,110,"315 S 23RD ST, KINGSVILLE, TX, 78363","Match","Exact","315 S 23RD ST, KINGSVILLE, TX, 78363",72101807,"L"
168611,"315 S BAYLY AVE","LOUISVILLE","KY",40206,38.2515028940001,-85.6912624569999,111,"315 S BAYLY AVE, LOUISVILLE, KY, 40206","Match","Exact","315 S BAYLY AVE, LOUISVILLE, KY, 40206",618507154,"L"
168612,"315 S BEVERLY DR STE 305","BEVERLY HILLS","CA",90212,34.0618723310001,-118.399079928,112,"315 S BEVERLY DR STE 305, BEVERLY HILLS, CA, 90212","Match","Non_Exact","315 S BEVERLY DR, BEVERLY HILLS, CA, 90212",241239525,"R"
168613,"315 S CALHOUN STREET SUITE 450","TALLAHASSEE","FL",32301,NA,NA,113,"315 S CALHOUN STREET SUITE 450, TALLAHASSEE, FL, 32301","Tie",NA,NA,NA,NA
168614,"315 S CLAY ST","DENVER","CO",80219,39.710806102,-105.020398822,114,"315 S CLAY ST, DENVER, CO, 80219","Match","Exact","315 S CLAY ST, DENVER, CO, 80219",177327835,"R"
168615,"315 S COAST HIGHWAY 101 SUITE U","ENCINITAS","CA",92024,NA,NA,115,"315 S COAST HIGHWAY 101 SUITE U, ENCINITAS, CA, 92024","Tie",NA,NA,NA,NA
168616,"315 S COLUMBIA RIVER HWY","ST HELENS","OR",97051,45.855953234,-122.824254792,116,"315 S COLUMBIA RIVER HWY, ST HELENS, OR, 97051","Match","Exact","315 S COLUMBIA RIVER HWY, SAINT HELENS, OR, 97051",158082591,"L"
168617,"315 S FIRST STREET NUM 252","ISHPEMING","MI",49849,NA,NA,117,"315 S FIRST STREET NUM 252, ISHPEMING, MI, 49849","Tie",NA,NA,NA,NA
168618,"315 S HANCOCK AVENUE","COLORADO SPRING","CO",80903,38.828745381,-104.803982434,118,"315 S HANCOCK AVENUE, COLORADO SPRING, CO, 80903","Match","Non_Exact","315 S HANCOCK AVE, COLORADO SPRINGS, CO, 80903",105517016,"L"
168619,"315 S HARDING RD","COLUMBUS","OH",43209,39.9644070470001,-82.920215524,119,"315 S HARDING RD, COLUMBUS, OH, 43209","Match","Exact","315 S HARDING RD, COLUMBUS, OH, 43209",135590882,"R"
168620,"315 S MAIN EXT","JAMESTOWN","NY",14701,42.0845868850001,-79.234678158,120,"315 S MAIN EXT, JAMESTOWN, NY, 14701","Match","Non_Exact","315 S MAIN ST, JAMESTOWN, NY, 14701",120754388,"L"
168621,"315 S PEORIA AVE","DIXON","IL",61021,41.840883311,-89.484360881,121,"315 S PEORIA AVE, DIXON, IL, 61021","Match","Exact","315 S PEORIA AVE, DIXON, IL, 61021",48743722,"L"
168622,"315 S PHILLIPS AVE","SIOUX FALLS","SD",57104,43.5444381350001,-96.726800915,122,"315 S PHILLIPS AVE, SIOUX FALLS, SD, 57104","Match","Exact","315 S PHILLIPS AVE, SIOUX FALLS, SD, 57104",34972832,"R"
168623,"315 S US HWY 41","RUSKIN","FL",33570,27.721226114,-82.4339690419999,123,"315 S US HWY 41, RUSKIN, FL, 33570","Match","Non_Exact","315 N US HWY 41, RUSKIN, FL, 33570",104610244,"R"
168624,"315 S US HWY 41","RUSKIN","FM",33570,NA,NA,124,"315 S US HWY 41, RUSKIN, FM, 33570","No_Match",NA,NA,NA,NA
168625,"315 SAINT NICHOLAS AVENUE","WORCESTER","MA",1606,42.3053003430001,-71.777540707,125,"315 SAINT NICHOLAS AVENUE, WORCESTER, MA, 1606","Match","Exact","315 SAINT NICHOLAS AVE, WORCESTER, MA, 01606",40012923,"L"
168626,"315 SCOTLAND DR","HOLLY HILL","FL",32117,29.225851683,-81.048321672,126,"315 SCOTLAND DR, HOLLY HILL, FL, 32117","Match","Exact","315 SCOTLAND DR, HOLLY HILL, FL, 32117",647009359,"R"
168627,"315 SCOTT FARM DRIVE","POWDER SPRINGS","GA",30127,33.9635449310001,-84.704333879,127,"315 SCOTT FARM DRIVE, POWDER SPRINGS, GA, 30127","Match","Exact","315 SCOTT FARM DR, POWDER SPGS, GA, 30127",614177907,"R"
168628,"315 SE MAIN STREET SUITE 506","MINNEAPOLIS","MN",55414,44.9835743130001,-93.253102875,128,"315 SE MAIN STREET SUITE 506, MINNEAPOLIS, MN, 55414","Match","Non_Exact","315 MAIN ST SE, MINNEAPOLIS, MN, 55414",43633013,"L"
168629,"315 SEWARD STREET STE A","SITKA","AK",99835,57.05083075,-135.335865731,129,"315 SEWARD STREET STE A, SITKA, AK, 99835","Match","Exact","315 SEWARD ST, SITKA, AK, 99835",191272410,"L"
168630,"315 SHERWOOD DRIVE APT A","YORK","PA",17403,39.9405042990001,-76.689037578,130,"315 SHERWOOD DRIVE APT A, YORK, PA, 17403","Match","Exact","315 SHERWOOD DR, YORK, PA, 17403",88733582,"L"
168631,"315 SHORELAND DR","FORT MYERS","FL",33905,26.694515414,-81.7953468539999,131,"315 SHORELAND DR, FORT MYERS, FL, 33905","Match","Exact","315 SHORELAND DR, FORT MYERS, FL, 33905",118023308,"R"
168632,"315 SOUTH 19TH AVE","BOZEMAN","MT",59718,45.6761598160001,-111.062677706,132,"315 SOUTH 19TH AVE, BOZEMAN, MT, 59718","Match","Exact","315 S 19TH AVE, BOZEMAN, MT, 59718",163498219,"L"
168633,"315 SOUTH 9TH STREET","MOUNT VERNON","WA",98274,48.418598036,-122.329788455,133,"315 SOUTH 9TH STREET, MOUNT VERNON, WA, 98274","Match","Exact","315 S 9TH ST, MOUNT VERNON, WA, 98274",183650802,"L"
168634,"315 SOUTH ASHE AVE","NEWTON","NC",28658,35.660110344,-81.2245961689999,134,"315 SOUTH ASHE AVE, NEWTON, NC, 28658","Match","Exact","315 S ASHE AVE, NEWTON, NC, 28658",45951333,"L"
168635,"315 SOUTH FRONT STREET","HARRISBUG","PA",17104,40.2558801960001,-76.877894162,135,"315 SOUTH FRONT STREET, HARRISBUG, PA, 17104","Match","Non_Exact","315 S FRONT ST, HARRISBURG, PA, 17104",623568039,"L"
168636,"315 SOUTH IRVING ST","ARLINGTON","VA",22204,38.8688717210001,-77.091723797,136,"315 SOUTH IRVING ST, ARLINGTON, VA, 22204","Match","Exact","315 S IRVING ST, ARLINGTON, VA, 22204",76470499,"L"
168637,"315 SOUTHALL ROAD","WEST COLUMBIA","SC",29172,33.901289235,-81.059977383,137,"315 SOUTHALL ROAD, WEST COLUMBIA, SC, 29172","Match","Exact","315 SOUTHALL RD, WEST COLUMBIA, SC, 29172",70057239,"L"
168638,"315 SPRING GARDEN STREET  SUITE 1D","GREENSBORO","NC",27401,36.067407969,-79.793490189,138,"315 SPRING GARDEN STREET  SUITE 1D, GREENSBORO, NC, 27401","Match","Exact","315 SPRING GARDEN ST, GREENSBORO, NC, 27401",131091765,"L"
168639,"315 SPRING RIDGE DRIVE","ROSWELL","GA",30076,34.018580967,-84.296180657,139,"315 SPRING RIDGE DRIVE, ROSWELL, GA, 30076","Match","Exact","315 SPRING RIDGE DR, ROSWELL, GA, 30076",17361801,"R"
168640,"315 SPRINGDALE TERRACE","MORRISVILLE","PA",19067,40.211664451,-74.812817608,140,"315 SPRINGDALE TERRACE, MORRISVILLE, PA, 19067","Match","Exact","315 SPRINGDALE TER, MORRISVILLE, PA, 19067",134744701,"L"
168641,"315 STEADMAN LN","CORDOVA","TN",38018,35.1338693590001,-89.774163459,141,"315 STEADMAN LN, CORDOVA, TN, 38018","Match","Exact","315 STEADMAN LN, CORDOVA, TN, 38018",72976753,"R"
168642,"315 STONE CHURCH RD LOT 25","BALLSTON SPA","NY",12020,43.0461780960001,-73.873275388,142,"315 STONE CHURCH RD LOT 25, BALLSTON SPA, NY, 12020","Match","Exact","315 STONE CHURCH RD, BALLSTON SPA, NY, 12020",18780191,"R"
168643,"315 SUMMERFIELD COURT","EL DORADO HILLS","CA",95762,38.6469334550001,-121.077204012,143,"315 SUMMERFIELD COURT, EL DORADO HILLS, CA, 95762","Match","Exact","315 SUMMERFIELD CT, EL DORADO HILLS, CA, 95762",619684071,"L"
168644,"315 SUMMIT STREET","LEBANON","OH",45036,39.437964069,-84.187759156,144,"315 SUMMIT STREET, LEBANON, OH, 45036","Match","Exact","315 SUMMIT ST, LEBANON, OH, 45036",159013988,"L"
168645,"315 SUNBURST COURT","CLEARWATER","FL",33755,27.9834661740001,-82.7974293249999,145,"315 SUNBURST COURT, CLEARWATER, FL, 33755","Match","Exact","315 SUNBURST CT, CLEARWATER, FL, 33755",124664001,"R"
168646,"315 SUTTER AVE APT 21F","BROOKLYN","NY",11212,40.667442887,-73.908164469,146,"315 SUTTER AVE APT 21F, BROOKLYN, NY, 11212","Match","Exact","315 SUTTER AVE, BROOKLYN, NY, 11212",59084579,"L"
168647,"315 TANGLEWOOD LANE","HENDERSONVILLE","TN",37075,36.353415871,-86.597610597,147,"315 TANGLEWOOD LANE, HENDERSONVILLE, TN, 37075","Match","Exact","315 TANGLEWOOD LN, HENDERSONVILLE, TN, 37075",650575345,"L"
168648,"315 TAYLOR AVENUE","CHESHIRE","CT",6410,41.5127822000001,-72.9080197389999,148,"315 TAYLOR AVENUE, CHESHIRE, CT, 6410","Match","Exact","315 TAYLOR AVE, CHESHIRE, CT, 06410",3737297,"R"
168649,"315 THIRD AVE SE","WAVERLY","IA",50677,42.722879801,-92.466667843,149,"315 THIRD AVE SE, WAVERLY, IA, 50677","Match","Exact","315 3RD AVE SE, WAVERLY, IA, 50677",77345733,"L"
168650,"315 ULUNIU ST UNIT 105","KAILUA","HI",96734,21.397112147,-157.742235036,150,"315 ULUNIU ST UNIT 105, KAILUA, HI, 96734","Match","Exact","315 ULUNIU ST, KAILUA, HI, 96734",203240089,"L"
168651,"315 UNIONVILLE INDIAN TRL RD WEST F","INDIAN TRAIL","NC",28079,NA,NA,151,"315 UNIONVILLE INDIAN TRL RD WEST F, INDIAN TRAIL, NC, 28079","No_Match",NA,NA,NA,NA
168652,"315 UNIVERSITY AVE W","ST PAUL","MN",55103,44.955772788,-93.1134078539999,152,"315 UNIVERSITY AVE W, ST PAUL, MN, 55103","Match","Exact","315 UNIVERSITY AVE W, SAINT PAUL, MN, 55103",97644266,"R"
168653,"315 UPLAND WAY","UPPER DARBY","PA",19026,39.9455641660001,-75.2862827389999,153,"315 UPLAND WAY, UPPER DARBY, PA, 19026","Match","Non_Exact","315 UPLAND WAY, PILGRIM GARDENS, PA, 19026",134877364,"R"
168654,"315 VAN AVENUE","POMPTON LAKES","NJ",7442,41.0034744010001,-74.28480324,154,"315 VAN AVENUE, POMPTON LAKES, NJ, 7442","Match","Exact","315 VAN AVE, POMPTON LAKES, NJ, 07442",65256368,"L"
168655,"315 W  ANTRIM DRIVE","GREENVILLE","SC",29607,34.8440481750001,-82.365520752,155,"315 W  ANTRIM DRIVE, GREENVILLE, SC, 29607","Match","Exact","315 W ANTRIM DR, GREENVILLE, SC, 29607",38303351,"R"
168656,"315 W 106TH STREET","NEW YORK","NY",10025,40.801771596,-73.9688756959999,156,"315 W 106TH STREET, NEW YORK, NY, 10025","Match","Exact","315 W 106TH ST, NEW YORK, NY, 10025",59656781,"R"
168657,"315 W 14TH ST","DAVIS","CA",95616,38.5558387740001,-121.750390481,157,"315 W 14TH ST, DAVIS, CA, 95616","Match","Exact","315 W 14TH ST, DAVIS, CA, 95616",67699628,"R"
168658,"315 W 14TH STREET","DAVIS","CA",95616,38.5558387740001,-121.750390481,158,"315 W 14TH STREET, DAVIS, CA, 95616","Match","Exact","315 W 14TH ST, DAVIS, CA, 95616",67699628,"R"
168659,"315 W 27TH ST","BURLEY","ID",83318,42.518498315,-113.795412748,159,"315 W 27TH ST, BURLEY, ID, 83318","Match","Exact","315 W 27TH ST, BURLEY, ID, 83318",636067756,"L"
168660,"315 W 5TH ST","DELPHOS","OH",45833,40.8471025220001,-84.34320124,160,"315 W 5TH ST, DELPHOS, OH, 45833","Match","Exact","315 W 5TH ST, DELPHOS, OH, 45833",209308677,"R"
168661,"315 W 5TH STREET APT 709","LOS ANGELES","CA",90013,NA,NA,161,"315 W 5TH STREET APT 709, LOS ANGELES, CA, 90013","Tie",NA,NA,NA,NA
168662,"315 W 5TH","IMPERIAL","NE",69033,40.5159116250001,-101.646743782,162,"315 W 5TH, IMPERIAL, NE, 69033","Match","Non_Exact","315 W 5TH ST, IMPERIAL, NE, 69033",176810942,"L"
168663,"315 W 7TH STREET","NEW MARKET","IA",51646,40.7330270620001,-94.902039381,163,"315 W 7TH STREET, NEW MARKET, IA, 51646","Match","Exact","315 W 7TH ST, NEW MARKET, IA, 51646",635771231,"R"
168664,"315 W AARONS SQUARE","AARONSBURG","PA",16820,NA,NA,164,"315 W AARONS SQUARE, AARONSBURG, PA, 16820","No_Match",NA,NA,NA,NA
168665,"315 W CAMPBELL","ALPENA","MI",49707,45.0575363660001,-83.4473680949999,165,"315 W CAMPBELL, ALPENA, MI, 49707","Match","Non_Exact","315 W CAMPBELL ST, ALPENA, MI, 49707",135791263,"R"
168666,"315 W EDSON ST","POPLAR GROVE","IL",61065,42.361428835,-88.83144669,166,"315 W EDSON ST, POPLAR GROVE, IL, 61065","Match","Exact","315 EDSON ST, POPLAR GROVE, IL, 61065",639892974,"L"
168667,"315 W EVERGREEN RD","EVANSVILLE","IN",47710,38.049896631,-87.567673854,167,"315 W EVERGREEN RD, EVANSVILLE, IN, 47710","Match","Exact","315 W EVERGREEN RD, EVANSVILLE, IN, 47710",39788758,"R"
168668,"315 W FRANKLIN AVE APT 323","MINNEAPOLIS","MN",55404,NA,NA,168,"315 W FRANKLIN AVE APT 323, MINNEAPOLIS, MN, 55404","Tie",NA,NA,NA,NA
168669,"315 W JOHNSON ST  APT 401","PHILADELPHIA","PA",19144,40.040413389,-75.187851947,169,"315 W JOHNSON ST  APT 401, PHILADELPHIA, PA, 19144","Match","Non_Exact","315 W JOHNSON ST, PHILADELPHIA, PA, 19144",131394645,"R"
168670,"315 W KIRKWOOD AVENUE APT 313","BLOOMINGTON","IN",47404,39.16658942,-86.53637742,170,"315 W KIRKWOOD AVENUE APT 313, BLOOMINGTON, IN, 47404","Match","Non_Exact","315 W KIRKWOOD AVE, BLOOMINGTON, IN, 47404",42322573,"L"
168671,"315 W LINDEN STREET STE 330","ALLENTOWN","PA",18101,40.6063927490001,-75.462437579,171,"315 W LINDEN STREET STE 330, ALLENTOWN, PA, 18101","Match","Non_Exact","315 W LINDEN ST, ALLENTOWN, PA, 18101",80792149,"R"
168672,"315 W MAPLE STREET","MONROVIA","CA",91016,34.1414699210001,-118.005668204,172,"315 W MAPLE STREET, MONROVIA, CA, 91016","Match","Non_Exact","315 W MAPLE AVE, MONROVIA, CA, 91016",241241662,"R"
168673,"315 W MICHIGAN AVE","KALAMAZOO","MI",49007,42.2916035280001,-85.586311285,173,"315 W MICHIGAN AVE, KALAMAZOO, MI, 49007","Match","Exact","315 W MICHIGAN AVE, KALAMAZOO, MI, 49007",12228930,"L"
168674,"315 W ORCHID AVENUE","FOLEY","AL",36535,30.411651238,-87.687638471,174,"315 W ORCHID AVENUE, FOLEY, AL, 36535","Match","Exact","315 ORCHID AVE, FOLEY, AL, 36535",131637558,"L"
168675,"315 W PARKWAY DR","CAMBRIDGE CITY","IN",47327,39.8152783890001,-85.1762708689999,175,"315 W PARKWAY DR, CAMBRIDGE CITY, IN, 47327","Match","Exact","315 W PKWY DR, CAMBRIDGE CITY, IN, 47327",31330569,"R"
168676,"315 W PONDERA ST SUITE A","LANCASTER","CA",93534,34.6902121860001,-118.132845075,176,"315 W PONDERA ST SUITE A, LANCASTER, CA, 93534","Match","Non_Exact","315 W PONDERA ST, LANCASTER, CA, 93534",141526566,"L"
168677,"315 W ROMEO RD SUITE 8555","ROMEOVILLE","IL",60446,NA,NA,177,"315 W ROMEO RD SUITE 8555, ROMEOVILLE, IL, 60446","Tie",NA,NA,NA,NA
168678,"315 W ST NE APT 204","WASHINGTON","DC",20002,NA,NA,178,"315 W ST NE APT 204, WASHINGTON, DC, 20002","No_Match",NA,NA,NA,NA
168679,"315 W TILDEN ST","WINTER GARDEN","FL",34787,28.5693194400001,-81.591052664,179,"315 W TILDEN ST, WINTER GARDEN, FL, 34787","Match","Exact","315 W TILDEN ST, WINTER GARDEN, FL, 34787",94264447,"R"
168680,"315 W WASHINGTON AVE","MADISON","WI",53703,43.0724124560001,-89.387387296,180,"315 W WASHINGTON AVE, MADISON, WI, 53703","Match","Exact","315 W WASHINGTON AVE, MADISON, WI, 53703",638714362,"L"
168681,"315 WALDOBORO ROAD","BREMEN","ME",4551,44.0296096750001,-69.416833214,181,"315 WALDOBORO ROAD, BREMEN, ME, 4551","Match","Exact","315 WALDOBORO RD, BREMEN, ME, 04551",610473874,"L"
168682,"315 WATERFIELD COURT","ALPHARETTA","GA",30022,34.0292178880001,-84.239690401,182,"315 WATERFIELD COURT, ALPHARETTA, GA, 30022","Match","Exact","315 WATERFIELD CT, ALPHARETTA, GA, 30022",17375186,"R"
168683,"315 WEINLAND DRIVE","NEW CARLISLE","OH",45344,39.8836868500001,-84.036885742,183,"315 WEINLAND DRIVE, NEW CARLISLE, OH, 45344","Match","Non_Exact","315 WEINLAND ST, NEW CARLISLE, OH, 45344",135013582,"L"
168684,"315 WEST 106 STREET APT 2A","NEW YORK","NY",10025,40.8017700290001,-73.968872038,184,"315 WEST 106 STREET APT 2A, NEW YORK, NY, 10025","Match","Exact","315 W 106TH ST, NEW YORK, NY, 10025",59656781,"R"
168685,"315 WEST 106TH STREET SUITE 5D","NEW YORK","NY",10025,40.8017700290001,-73.968872038,185,"315 WEST 106TH STREET SUITE 5D, NEW YORK, NY, 10025","Match","Exact","315 W 106TH ST, NEW YORK, NY, 10025",59656781,"R"
168686,"315 WEST 14TH STREET","DAVIS","CA",95616,38.5558387740001,-121.750387858,186,"315 WEST 14TH STREET, DAVIS, CA, 95616","Match","Exact","315 W 14TH ST, DAVIS, CA, 95616",67699628,"R"
168687,"315 WEST 33RD STREET APT16D","NEW YORK","NY",10001,40.7517690780001,-73.9945093119999,187,"315 WEST 33RD STREET APT16D, NEW YORK, NY, 10001","Match","Exact","315 W 33RD ST, NEW YORK, NY, 10001",59658561,"R"
168688,"315 WEST CAMBRIDGE AVENUE","GREENWOOD","SC",29646,34.195629425,-82.166268362,188,"315 WEST CAMBRIDGE AVENUE, GREENWOOD, SC, 29646","Match","Exact","315 W CAMBRIDGE AVE, GREENWOOD, SC, 29646",50804001,"L"
168689,"315 WEST CHESTNUT ST","KINGSTON","NY",12401,41.917116703,-73.994347937,189,"315 WEST CHESTNUT ST, KINGSTON, NY, 12401","Match","Exact","315 W CHESTNUT ST, KINGSTON, NY, 12401",41879806,"R"
168690,"315 WEST ELLIOT ROAD SUITE 107","TEMPE","AZ",85284,33.3491712900001,-111.950706188,190,"315 WEST ELLIOT ROAD SUITE 107, TEMPE, AZ, 85284","Match","Exact","315 W ELLIOT RD, TEMPE, AZ, 85284",128794443,"L"
168691,"315 WEST LINCOLN AVE UNIT 7","ORANGE","CA",92865,33.835385052,-117.854371348,191,"315 WEST LINCOLN AVE UNIT 7, ORANGE, CA, 92865","Match","Exact","315 W LINCOLN AVE, ORANGE, CA, 92865",640200337,"R"
168692,"315 WESTFORD STREET","LOWELL","MA",1851,42.6349906780001,-71.3271703309999,192,"315 WESTFORD STREET, LOWELL, MA, 1851","Match","Exact","315 WESTFORD ST, LOWELL, MA, 01851",86876801,"R"
168693,"315 WESTMINSTER PLACE","HOLLISTER","MO",65672,36.62880075,-93.211048228,193,"315 WESTMINSTER PLACE, HOLLISTER, MO, 65672","Match","Exact","315 WESTMINSTER PL, HOLLISTER, MO, 65672",20174454,"L"
168694,"315 WHYTEGATE CT","LAKE FOREST","IL",60045,42.20619199,-87.90754487,194,"315 WHYTEGATE CT, LAKE FOREST, IL, 60045","Match","Exact","315 WHYTEGATE CT, LAKE FOREST, IL, 60045",119665549,"R"
168695,"315 WINDSOR  DRIVE","CHERRY HILL","NJ",8002,39.9232105310001,-75.008271027,195,"315 WINDSOR  DRIVE, CHERRY HILL, NJ, 8002","Match","Exact","315 WINDSOR DR, CHERRY HILL, NJ, 08002",134354671,"R"
168696,"315 WOODBURY LAKE DRIVE","Deptford","NJ",8096,39.8252344800001,-75.1454798519999,196,"315 WOODBURY LAKE DRIVE, Deptford, NJ, 8096","Match","Exact","315 WOODBURY LAKE DR, DEPTFORD, NJ, 08096",134584605,"R"
168697,"315 WOODLAND STREET","NASHVILLE","TN",37206,36.170484421,-86.768283178,197,"315 WOODLAND STREET, NASHVILLE, TN, 37206","Match","Non_Exact","315 WOODLAND ST, NASHVILLE, TN, 37213",97225697,"L"
168698,"315 ZANG ST APT F3141","LAKEWOOD","CO",80228,39.7202428090001,-105.14563667,198,"315 ZANG ST APT F3141, LAKEWOOD, CO, 80228","Match","Exact","315 ZANG ST, LAKEWOOD, CO, 80228",608456916,"L"
168699,"3150 AVENUE OF THE STARS APT 1318","FRISCO","TX",75034,33.1043367830001,-96.8187749859999,199,"3150 AVENUE OF THE STARS APT 1318, FRISCO, TX, 75034","Match","Exact","3150 AVE OF THE STARS, FRISCO, TX, 75034",638718994,"L"
168700,"3150 AVENUE OF THE STARS STE 1336","FRISCO","TX",75034,33.1043367830001,-96.8187749859999,200,"3150 AVENUE OF THE STARS STE 1336, FRISCO, TX, 75034","Match","Exact","3150 AVE OF THE STARS, FRISCO, TX, 75034",638718994,"L"
168701,"3150 BERRY RD","LOGANVILLE","GA",30052,33.8788742630001,-83.9126065949999,201,"3150 BERRY RD, LOGANVILLE, GA, 30052","Match","Exact","3150 BERRY RD, LOGANVILLE, GA, 30052",88940706,"R"
168702,"3150 C STREET STE 150","ANCHORAGE","AK",99503,61.1920640860001,-149.886623092,202,"3150 C STREET STE 150, ANCHORAGE, AK, 99503","Match","Exact","3150 C ST, ANCHORAGE, AK, 99503",190797750,"R"
168703,"3150 CARDINAL DRIVE","MELISSA","TX",75454,33.290187782,-96.5770923489999,203,"3150 CARDINAL DRIVE, MELISSA, TX, 75454","Match","Exact","3150 CARDINAL DR, MELISSA, TX, 75454",614167437,"R"
168704,"3150 CARLISLE BLVD SUITE 111","ALBUQUERQUE","NM",87110,35.117852139,-106.604101159,204,"3150 CARLISLE BLVD SUITE 111, ALBUQUERQUE, NM, 87110","Match","Non_Exact","3150 CARLISLE BLVD NE, ALBUQUERQUE, NM, 87110",206709655,"R"
168705,"3150 CLIFF CREEK CROSSING DR 1914","DALLAS","TX",75237,32.6531001230001,-96.870920584,205,"3150 CLIFF CREEK CROSSING DR 1914, DALLAS, TX, 75237","Match","Exact","3150 CLIFF CREEK CROSSING DR, DALLAS, TX, 75237",624596629,"L"
168706,"3150 COURTLAND STREET","SARASOTA","FL",34237,27.326439484,-82.506757615,206,"3150 COURTLAND STREET, SARASOTA, FL, 34237","Match","Exact","3150 COURTLAND ST, SARASOTA, FL, 34237",16352727,"R"
168707,"3150 EAST CORRINE DR","PHOENIX","AZ",85032,33.601834121,-112.013667555,207,"3150 EAST CORRINE DR, PHOENIX, AZ, 85032","Match","Exact","3150 E CORRINE DR, PHOENIX, AZ, 85032",128915260,"L"
168708,"3150 EBENEZER ROAD","MARIETTA","GA",30066,34.0274418670001,-84.492001592,208,"3150 EBENEZER ROAD, MARIETTA, GA, 30066","Match","Non_Exact","3150 EBENEZER RD NE, MARIETTA, GA, 30066",17169318,"R"
168709,"3150 FINFEATHER RD APT 724","BRYAN","TX",77801,30.6363430910001,-96.368103063,209,"3150 FINFEATHER RD APT 724, BRYAN, TX, 77801","Match","Exact","3150 FINFEATHER RD, BRYAN, TX, 77801",21838131,"R"
168710,"3150 GAUL ST","PHILADELPHIA","PA",19134,39.9865115470001,-75.106149252,210,"3150 GAUL ST, PHILADELPHIA, PA, 19134","Match","Exact","3150 GAUL ST, PHILADELPHIA, PA, 19134",131429799,"L"
168711,"3150 GLAZIER WAY","ANN ARBOR","MI",48105,42.288005879,-83.6921229879999,211,"3150 GLAZIER WAY, ANN ARBOR, MI, 48105","Match","Exact","3150 GLAZIER WAY, ANN ARBOR, MI, 48105",26016331,"R"
168712,"3150 HILLTOP MALL RD APT 70","RICHMOND","CA",94806,37.980301775,-122.324377196,212,"3150 HILLTOP MALL RD APT 70, RICHMOND, CA, 94806","Match","Exact","3150 HILLTOP MALL RD, RICHMOND, CA, 94806",607754614,"R"
168713,"3150 HULL RD","GAINESVILLE","FL",32611,NA,NA,213,"3150 HULL RD, GAINESVILLE, FL, 32611","No_Match",NA,NA,NA,NA
168714,"3150 KINGSWOOD GLEN","DECATUR","GA",30034,33.682092465,-84.257924305,214,"3150 KINGSWOOD GLEN, DECATUR, GA, 30034","Match","Exact","3150 KINGSWOOD GLEN, DECATUR, GA, 30034",619384412,"R"
168715,"3150 LIVERNOIS    SUITE 300","TROY","MI",48083,42.564146797,-83.147755076,215,"3150 LIVERNOIS    SUITE 300, TROY, MI, 48083","Match","Non_Exact","3150 LIVERNOIS RD, TROY, MI, 48083",630333096,"R"
168716,"3150 LIVERNOIS SUITE 136","TROY","MI",48083,42.564146797,-83.147755076,216,"3150 LIVERNOIS SUITE 136, TROY, MI, 48083","Match","Non_Exact","3150 LIVERNOIS RD, TROY, MI, 48083",630333096,"R"
168717,"3150 LIVERNOIS SUITE 300","TROY","MI",48084,NA,NA,217,"3150 LIVERNOIS SUITE 300, TROY, MI, 48084","No_Match",NA,NA,NA,NA
168718,"3150 LONDON DRIVE","OLYMPIA FIELDS","IL",60461,NA,NA,218,"3150 LONDON DRIVE, OLYMPIA FIELDS, IL, 60461","No_Match",NA,NA,NA,NA
168719,"3150 MAIN STREET/PO BOX 5","MAMMOTH LAKES","CA",93546,NA,NA,219,"3150 MAIN STREET/PO BOX 5, MAMMOTH LAKES, CA, 93546","No_Match",NA,NA,NA,NA
168720,"3150 MCGAVOCK PIKE","NASHVILLE","TN",37214,36.1856870120001,-86.676272572,220,"3150 MCGAVOCK PIKE, NASHVILLE, TN, 37214","Match","Exact","3150 MCGAVOCK PIKE, NASHVILLE, TN, 37214",649553553,"R"
168721,"3150 MONSARRAT AVENUE SUITE 200","HONOLULU","HI",96815,21.2692906240001,-157.812225154,221,"3150 MONSARRAT AVENUE SUITE 200, HONOLULU, HI, 96815","Match","Exact","3150 MONSARRAT AVE, HONOLULU, HI, 96815",203242823,"L"
168722,"3150 MUNDY STREET SUITE 212","COCONUT GROVE","FL",33133,25.7320769510001,-80.2526525069999,222,"3150 MUNDY STREET SUITE 212, COCONUT GROVE, FL, 33133","Match","Exact","3150 MUNDY ST, COCONUT GROVE, FL, 33133",116014461,"R"
168723,"3150 N  LAKE SHORE DR   SUITE 11B","CHICAGO","IL",46244,NA,NA,223,"3150 N  LAKE SHORE DR   SUITE 11B, CHICAGO, IL, 46244","No_Match",NA,NA,NA,NA
168724,"3150 N HIGHWAY A1A SUITE 402","FT PIERCE","FL",34949,NA,NA,224,"3150 N HIGHWAY A1A SUITE 402, FT PIERCE, FL, 34949","No_Match",NA,NA,NA,NA
168725,"3150 N HWY A1A APT 1201","HUTCHINSON ISLAND","FL",34949,NA,NA,225,"3150 N HWY A1A APT 1201, HUTCHINSON ISLAND, FL, 34949","No_Match",NA,NA,NA,NA
168726,"3150 N LAUPPE RD","CALHAN","CO",80808,38.87719629,-104.240943263,226,"3150 N LAUPPE RD, CALHAN, CO, 80808","Match","Exact","3150 N LAUPPE RD, CALHAN, CO, 80808",647970013,"L"
168727,"3150 NORTH RIDGE RD","ELLICOTT CITY","MD",21043,39.285009464,-76.82039244,227,"3150 NORTH RIDGE RD, ELLICOTT CITY, MD, 21043","Match","Exact","3150 N RIDGE RD, ELLICOTT CITY, MD, 21043",158934860,"L"
168728,"3150 NOTRE DAME DR UNIT 13","SACRAMENTO","CA",95826,38.5478539480001,-121.398985237,228,"3150 NOTRE DAME DR UNIT 13, SACRAMENTO, CA, 95826","Match","Exact","3150 NOTRE DAME DR, SACRAMENTO, CA, 95826",133337620,"R"
168729,"3150 PORTER DRIVE","PALO ALTO","CA",94304,37.409069936,-122.152356112,229,"3150 PORTER DRIVE, PALO ALTO, CA, 94304","Match","Exact","3150 PORTER DR, PALO ALTO, CA, 94304",614026222,"R"
168730,"3150 RIDGEWAY RD","MEEMPHIS","TN",38115,35.0631765540001,-89.8568924259999,230,"3150 RIDGEWAY RD, MEEMPHIS, TN, 38115","Match","Non_Exact","3150 RIDGEWAY RD, MEMPHIS, TN, 38115",72928735,"L"
168731,"3150 RIVERSHORE DRIVE","MOORHEAD","MN",56560,46.843668032,-96.776481027,231,"3150 RIVERSHORE DRIVE, MOORHEAD, MN, 56560","Match","Exact","3150 RIVERSHORE DR, MOORHEAD, MN, 56560",168029432,"L"
168732,"3150 ROSWELL ROAD NW - 924","ATLANTA","GA",30305,33.8417287710001,-84.378950351,232,"3150 ROSWELL ROAD NW - 924, ATLANTA, GA, 30305","Match","Non_Exact","3150 ROSWELL RD, ATLANTA, GA, 30305",17378356,"L"
168733,"3150 S BABCOCK SUITE P","MELBOURNE","FL",32901,NA,NA,233,"3150 S BABCOCK SUITE P, MELBOURNE, FL, 32901","No_Match",NA,NA,NA,NA
168734,"3150 S MYSTIC SEAPORT AVE","NAMPA","ID",83686,43.538955919,-116.562037615,234,"3150 S MYSTIC SEAPORT AVE, NAMPA, ID, 83686","Match","Exact","3150 S MYSTIC SEAPORT AVE, NAMPA, ID, 83686",629910013,"R"
168735,"3150 S SHERIDAN BLVD","DENVER","CO",80227,39.6552102410001,-105.05319068,235,"3150 S SHERIDAN BLVD, DENVER, CO, 80227","Match","Exact","3150 S SHERIDAN BLVD, DENVER, CO, 80227",177328719,"L"
168736,"3150 SAWTELLE BLVD APT 302","LOS ANGELES","CA",90066,34.0245533450001,-118.430060771,236,"3150 SAWTELLE BLVD APT 302, LOS ANGELES, CA, 90066","Match","Exact","3150 SAWTELLE BLVD, LOS ANGELES, CA, 90066",141570196,"L"
168737,"3150 SOUTH 3140 WEST","SLC","UT",84119,40.703156047,-111.966476822,237,"3150 SOUTH 3140 WEST, SLC, UT, 84119","Match","Non_Exact","3150 S 3140 W, S SALT LAKE, UT, 84119",176071054,"R"
168738,"3150 SOUTH 460","EAST LAFAYETTE","IN",47905,40.3683980280001,-86.817136891,238,"3150 SOUTH 460, EAST LAFAYETTE, IN, 47905","Match","Non_Exact","3150 S 460 E, LAFAYETTE, IN, 47905",27316756,"R"
168739,"3150 SOUTH BUTTE","PALMER","AK",99645,61.544874367,-149.008224221,239,"3150 SOUTH BUTTE, PALMER, AK, 99645","Match","Non_Exact","3150 S BUTTE RD, PALMER, AK, 99645",646670941,"R"
168740,"3150 TYLER AVE","EL MONTE","CA",91731,34.0654852010001,-118.035941119,240,"3150 TYLER AVE, EL MONTE, CA, 91731","Match","Exact","3150 TYLER AVE, EL MONTE, CA, 91731",651569309,"R"
168741,"3150 VERONA AVE STE 100","BUFORD","GA",30518,34.1302850120001,-83.9706321689999,241,"3150 VERONA AVE STE 100, BUFORD, GA, 30518","Match","Exact","3150 VERONA AVE, BUFORD, GA, 30518",88919280,"L"
168742,"3150 W 16TH STREET","JACKSONVILLE","FL",32254,30.353310058,-81.721866538,242,"3150 W 16TH STREET, JACKSONVILLE, FL, 32254","Match","Exact","3150 W 16TH ST, JACKSONVILLE, FL, 32254",83888857,"L"
168743,"3150 WELLINGTON STREET","PHILADELPHIA","PA",19149,40.0398147160001,-75.049277999,243,"3150 WELLINGTON STREET, PHILADELPHIA, PA, 19149","Match","Exact","3150 WELLINGTON ST, PHILADELPHIA, PA, 19149",131432036,"R"
168744,"3150 WILSHIRE BLVD UNIT 1021","LOS ANGELES","CA",90010,34.0617936630001,-118.290661052,244,"3150 WILSHIRE BLVD UNIT 1021, LOS ANGELES, CA, 90010","Match","Exact","3150 WILSHIRE BLVD, LOS ANGELES, CA, 90010",141604997,"L"
168745,"3150 WILSHIRE BLVD UNIT 1808","LOS ANGELES","CA",90010,34.0617936630001,-118.290661052,245,"3150 WILSHIRE BLVD UNIT 1808, LOS ANGELES, CA, 90010","Match","Exact","3150 WILSHIRE BLVD, LOS ANGELES, CA, 90010",141604997,"L"
168746,"3150 WOODWALK DR SE UNIT 2102","ATLANTA","GA",30339,33.9097415700001,-84.4607513829999,246,"3150 WOODWALK DR SE UNIT 2102, ATLANTA, GA, 30339","Match","Non_Exact","3150 WOODWALK DR, ATLANTA, GA, 30339",629560053,"R"
168747,"31500 GRAPE ST STE 3-264","LAKE ELSINORE","CA",92532,33.663170468,-117.297470531,247,"31500 GRAPE ST STE 3-264, LAKE ELSINORE, CA, 92532","Match","Exact","31500 GRAPE ST, LAKE ELSINORE, CA, 92532",651006752,"R"
168748,"31500 GRAPE ST SUITE 3-283","LAKE ELSINORE","CA",92532,33.663170468,-117.297470531,248,"31500 GRAPE ST SUITE 3-283, LAKE ELSINORE, CA, 92532","Match","Exact","31500 GRAPE ST, LAKE ELSINORE, CA, 92532",651006752,"R"
168749,"31500 GRAPE STREET  SUITE 3-307","LAKE ELSINORE","CA",92532,33.663170468,-117.297470531,249,"31500 GRAPE STREET  SUITE 3-307, LAKE ELSINORE, CA, 92532","Match","Exact","31500 GRAPE ST, LAKE ELSINORE, CA, 92532",651006752,"R"
168750,"31500 MAR VISTA AVENUE - UPPER","LAGUNA BEACH","CA",92651,NA,NA,250,"31500 MAR VISTA AVENUE - UPPER, LAGUNA BEACH, CA, 92651","No_Match",NA,NA,NA,NA
168751,"31500 NORTHWESTERN HWY STE 140","FARMINGTON HILLS","MI",48334,42.5182316350001,-83.3385043059999,251,"31500 NORTHWESTERN HWY STE 140, FARMINGTON HILLS, MI, 48334","Match","Exact","31500 NORTHWESTERN HWY, FARMINGTON HILLS, MI, 48334",69823184,"R"
168752,"31500 OLMSTEAD RD","ROCKWOOD","MI",48173,42.078213448,-83.255717373,252,"31500 OLMSTEAD RD, ROCKWOOD, MI, 48173","Match","Exact","31500 OLMSTEAD RD, ROCKWOOD, MI, 48173",95456261,"R"
168753,"31500 ROYALVIEW DRIVE","WILLOWICK","OH",44095,41.6328713410001,-81.460578739,253,"31500 ROYALVIEW DRIVE, WILLOWICK, OH, 44095","Match","Exact","31500 ROYALVIEW DR, WILLOWICK, OH, 44095",137459234,"R"
168754,"31500 WEST THIRTEEN MILE ROAD","FARMINGTON HILLS","MI",48334,42.5137068120001,-83.362446017,254,"31500 WEST THIRTEEN MILE ROAD, FARMINGTON HILLS, MI, 48334","Match","Exact","31500 W 13 MILE RD, FARMINGTON HILLS, MI, 48334",69723344,"R"
168755,"31501 COUNTY RD W","BRUSH","CO",80723,NA,NA,255,"31501 COUNTY RD W, BRUSH, CO, 80723","No_Match",NA,NA,NA,NA
168756,"31506 BRADY STREET","MAGNOLIA","TX",77355,30.2017291120001,-95.7491534059999,256,"31506 BRADY STREET, MAGNOLIA, TX, 77355","Match","Exact","31506 BRADY ST, MAGNOLIA, TX, 77355",79292672,"L"
168757,"31508 N 19TH AVE","PHOENIX","AZ",85085,33.7712106060001,-112.100365046,257,"31508 N 19TH AVE, PHOENIX, AZ, 85085","Match","Exact","31508 N 19TH AVE, PHOENIX, AZ, 85085",243981821,"L"
168758,"3151 AIRWAY AVE T2","COSTA MESA","CA",92626,33.6793726400001,-117.87110037,258,"3151 AIRWAY AVE T2, COSTA MESA, CA, 92626","Match","Exact","3151 AIRWAY AVE, COSTA MESA, CA, 92626",144049002,"L"
168759,"3151 BANYON STREET","PAHRUMP","NV",89048,36.179056433,-115.956604057,259,"3151 BANYON STREET, PAHRUMP, NV, 89048","Match","Exact","3151 BANYON ST, PAHRUMP, NV, 89048",140587542,"R"
168760,"3151 BRIARPARK DR STE 400","HOUSTON","TX",77042,29.73163412,-95.549040358,260,"3151 BRIARPARK DR STE 400, HOUSTON, TX, 77042","Match","Exact","3151 BRIARPARK DR, HOUSTON, TX, 77042",96613816,"L"
168761,"3151 BROADWAY APT 4D","NEW YORK","NY",10027,40.8143410050001,-73.959274727,261,"3151 BROADWAY APT 4D, NEW YORK, NY, 10027","Match","Exact","3151 BROADWAY, NEW YORK, NY, 10027",610212337,"L"
168762,"3151 CAHUENGA BLVD WEST 304","LOS ANGELES","CA",90068,34.127691987,-118.346439929,262,"3151 CAHUENGA BLVD WEST 304, LOS ANGELES, CA, 90068","Match","Exact","3151 CAHUENGA BLVD W, LOS ANGELES, CA, 90068",141594169,"L"
168763,"3151 CAHUENGA BLVD WEST SUITE 110","LOS ANGELES","CA",90068,34.127691987,-118.346439929,263,"3151 CAHUENGA BLVD WEST SUITE 110, LOS ANGELES, CA, 90068","Match","Exact","3151 CAHUENGA BLVD W, LOS ANGELES, CA, 90068",141594169,"L"
168764,"3151 CAMDEN DR","TROY","MI",48084,42.5467753500001,-83.188404555,264,"3151 CAMDEN DR, TROY, MI, 48084","Match","Exact","3151 CAMDEN DR, TROY, MI, 48084",638923461,"L"
168765,"3151 CHEROKEE STREET","SAINT LOUIS","MO",63118,38.5946031400001,-90.236081656,265,"3151 CHEROKEE STREET, SAINT LOUIS, MO, 63118","Match","Exact","3151 CHEROKEE ST, SAINT LOUIS, MO, 63118",107602213,"R"
168766,"3151 CHERRY ROAD NORTHEAST","WASHINGTON","DC",20018,38.926953784,-76.9616122859999,266,"3151 CHERRY ROAD NORTHEAST, WASHINGTON, DC, 20018","Match","Exact","3151 CHERRY RD NE, WASHINGTON, DC, 20018",76235081,"L"
168767,"3151 CHESTERFIELD CT","SNELLVILLE","GA",30039,33.819638814,-84.029549289,267,"3151 CHESTERFIELD CT, SNELLVILLE, GA, 30039","Match","Exact","3151 CHESTERFIELD CT, SNELLVILLE, GA, 30039",88919787,"R"
168768,"3151 COVEWOOD CT UNIT I","FALLS CHURCH","VA",22042,38.863551753,-77.206677451,268,"3151 COVEWOOD CT UNIT I, FALLS CHURCH, VA, 22042","Match","Exact","3151 COVEWOOD CT, FALLS CHURCH, VA, 22042",76015745,"R"
168769,"3151 CROSSGATE ROAD","COLUMBUS","OH",43232,39.9148756710001,-82.845043458,269,"3151 CROSSGATE ROAD, COLUMBUS, OH, 43232","Match","Exact","3151 CROSSGATE RD, COLUMBUS, OH, 43232",640027585,"L"
168770,"3151 DUNN VALLEY ROAD","WATERFORD","PA",16441,42.0093324280001,-80.096610939,270,"3151 DUNN VALLEY ROAD, WATERFORD, PA, 16441","Match","Exact","3151 DUNN VALLEY RD, WATERFORD, PA, 16441",117521455,"R"
168771,"3151 EAST AMBER RIDGE WAY","PHOENIX","AZ",85048,33.3037846890001,-112.015979795,271,"3151 EAST AMBER RIDGE WAY, PHOENIX, AZ, 85048","Match","Exact","3151 E AMBER RIDGE WAY, PHOENIX, AZ, 85048",128811186,"R"
168772,"3151 JAMESTOWN DR","FOREST HILL","TX",76140,32.655308985,-97.275748994,272,"3151 JAMESTOWN DR, FOREST HILL, TX, 76140","Match","Exact","3151 JAMESTOWN DR, FOREST HILL, TX, 76140",101902751,"L"
168773,"3151 LENORA CHURCH RD SUITE 500","SNELLVILLE","GA",30039,33.831670113,-84.008595573,273,"3151 LENORA CHURCH RD SUITE 500, SNELLVILLE, GA, 30039","Match","Exact","3151 LENORA CHURCH RD, SNELLVILLE, GA, 30039",88917204,"R"
168774,"3151 MOSLEY CHASE DRIVE","AUSTELL","GA",30106,33.8327918140001,-84.6500969959999,274,"3151 MOSLEY CHASE DRIVE, AUSTELL, GA, 30106","Match","Non_Exact","3151 MOSLEY CHASE CT, AUSTELL, GA, 30106",17229846,"L"
168775,"3151 POND RUN ROAD","NEW RICHMOND","OH",45157,39.0019338130001,-84.2645237,275,"3151 POND RUN ROAD, NEW RICHMOND, OH, 45157","Match","Exact","3151 POND RUN RD, NEW RICHMOND, OH, 45157",118467043,"L"
168776,"3151 S VAUGHN WAY","AURORA","CO",80014,NA,NA,276,"3151 S VAUGHN WAY, AURORA, CO, 80014","No_Match",NA,NA,NA,NA
168777,"3151 SE DOMINICA TER","STUART","FL",34997,27.1503843040001,-80.216046943,277,"3151 SE DOMINICA TER, STUART, FL, 34997","Match","Exact","3151 SE DOMINICA TER, STUART, FL, 34997",646860334,"L"
168778,"3151 SOUTH MAIN ROAD","VINELAND","NJ",8360,39.4400260210001,-75.0174912369999,278,"3151 SOUTH MAIN ROAD, VINELAND, NJ, 8360","Match","Exact","3151 S MAIN RD, VINELAND, NJ, 08360",174111595,"L"
168779,"3151 STILLHOUSE CREEK DR SE  13213","ATLANTA","GA",30339,33.875965137,-84.4628595619999,279,"3151 STILLHOUSE CREEK DR SE  13213, ATLANTA, GA, 30339","Match","Non_Exact","3151 STILLHOUSE CREEK DR, ATLANTA, GA, 30339",643428026,"L"
168780,"3151 STIRLING ROAD","HOLLYWOOD","FL",33313,NA,NA,280,"3151 STIRLING ROAD, HOLLYWOOD, FL, 33313","No_Match",NA,NA,NA,NA
168781,"3151 SUMMERFIELD COURT","CHARLOTTESVILLE","VA",22911,38.122995098,-78.427661921,281,"3151 SUMMERFIELD COURT, CHARLOTTESVILLE, VA, 22911","Match","Exact","3151 SUMMERFIELD CT, CHARLOTTESVILLE, VA, 22911",83374838,"R"
168782,"3151 SW 4TH STREET","MIAMI","FL",33135,25.768527562,-80.246519023,282,"3151 SW 4TH STREET, MIAMI, FL, 33135","Match","Non_Exact","3151 SW 4TH ST, MIAMI, FL, 33135",116011801,"R"
168783,"3151 UNIVERSITY DRIVE","CORAL SPRINGS","FL",33065,26.26861862,-80.250049946,283,"3151 UNIVERSITY DRIVE, CORAL SPRINGS, FL, 33065","Match","Non_Exact","3151 N UNIVERSITY DR, CORAL SPRINGS, FL, 33065",114690364,"R"
168784,"31512 SAGECREST DRIVE","LAKE ELSINORE","CA",92532,33.6695252210001,-117.304589326,284,"31512 SAGECREST DRIVE, LAKE ELSINORE, CA, 92532","Match","Exact","31512 SAGECREST DR, LAKE ELSINORE, CA, 92532",194838660,"L"
168785,"31513 NORHWESTERN HWY","FARMINGTON HILLS","MI",48334,NA,NA,285,"31513 NORHWESTERN HWY, FARMINGTON HILLS, MI, 48334","No_Match",NA,NA,NA,NA
168786,"31513 NORHWESTERN HWY","FARMINGTON","MI",48334,NA,NA,286,"31513 NORHWESTERN HWY, FARMINGTON, MI, 48334","No_Match",NA,NA,NA,NA
168787,"31515 NE 141ST STREET","DUVALL","WA",98019,47.724540785,-121.918758469,287,"31515 NE 141ST STREET, DUVALL, WA, 98019","Match","Exact","31515 NE 141ST ST, DUVALL, WA, 98019",186937093,"R"
168788,"31515 S STATE ROUTE F","GARDEN CITY","MO",64747,NA,NA,288,"31515 S STATE ROUTE F, GARDEN CITY, MO, 64747","Tie",NA,NA,NA,NA
168789,"31516 133 TRAIL","NELSON","MO",65347,38.9779116770001,-93.094333047,289,"31516 133 TRAIL, NELSON, MO, 65347","Match","Exact","31516 133RD TRL, NELSON, MO, 65347",21039393,"L"
168790,"3152 189TH STREET","LANSING","IL",60438,41.5517741290001,-87.53957209,290,"3152 189TH STREET, LANSING, IL, 60438","Match","Exact","3152 189TH ST, LANSING, IL, 60438",111786426,"L"
168791,"3152 29 STREET APARTMENT 2","ASTORIA","NY",11106,NA,NA,291,"3152 29 STREET APARTMENT 2, ASTORIA, NY, 11106","No_Match",NA,NA,NA,NA
168792,"3152 CRESTVIEW CIRCLE","DULUTH","GA",30096,34.0080699910001,-84.1508657219999,292,"3152 CRESTVIEW CIRCLE, DULUTH, GA, 30096","Match","Non_Exact","3152 CRESTVIEW CIR NW, DULUTH, GA, 30096",88882794,"L"
168793,"3152 FAWNVISTA LANE","ALPHARETTA","GA",30004,34.0954029100001,-84.266646174,293,"3152 FAWNVISTA LANE, ALPHARETTA, GA, 30004","Match","Exact","3152 FAWNVISTA LN, ALPHARETTA, GA, 30004",641716456,"R"
168794,"3152 LARRABEE DR","GENEVA","IL",60134,41.891602737,-88.3557531879999,294,"3152 LARRABEE DR, GENEVA, IL, 60134","Match","Exact","3152 LARRABEE DR, GENEVA, IL, 60134",119556976,"R"
168795,"3152 LIBERTY LEDGES DR","TWINSBURG","OH",44087,41.33858587,-81.4159461799999,295,"3152 LIBERTY LEDGES DR, TWINSBURG, OH, 44087","Match","Exact","3152 LIBERTY LEDGES DR, TWINSBURG, OH, 44087",630333757,"R"
168796,"3152 LITTLE RD 175","TRINITY","FL",34655,28.2037285270001,-82.6661366339999,296,"3152 LITTLE RD 175, TRINITY, FL, 34655","Match","Exact","3152 LITTLE RD, TRINITY, FL, 34655",641442737,"L"
168797,"3152 LITTLE RD STE 133","TRINITY","FL",34655,28.2037285270001,-82.6661366339999,297,"3152 LITTLE RD STE 133, TRINITY, FL, 34655","Match","Exact","3152 LITTLE RD, TRINITY, FL, 34655",641442737,"L"
168798,"3152 LITTLE RD SUITE 345","TRINITY","FL",34655,28.2037285270001,-82.6661366339999,298,"3152 LITTLE RD SUITE 345, TRINITY, FL, 34655","Match","Exact","3152 LITTLE RD, TRINITY, FL, 34655",641442737,"L"
168799,"3152 LITTLE ROAD SUITE 153","TRINITY","FL",34655,28.2037285270001,-82.6661366339999,299,"3152 LITTLE ROAD SUITE 153, TRINITY, FL, 34655","Match","Exact","3152 LITTLE RD, TRINITY, FL, 34655",641442737,"L"
168800,"3152 LITTLE ROAD SUITE 333","TRINITY","FL",34655,28.2037285270001,-82.6661366339999,300,"3152 LITTLE ROAD SUITE 333, TRINITY, FL, 34655","Match","Exact","3152 LITTLE RD, TRINITY, FL, 34655",641442737,"L"
168801,"3152 MCTAVISH AVENUE","WEST COLUMBIA","SC",29172,33.8976895160001,-81.14719984,301,"3152 MCTAVISH AVENUE, WEST COLUMBIA, SC, 29172","Match","Exact","3152 MCTAVISH AVE, WEST COLUMBIA, SC, 29172",70054034,"L"
168802,"3152 MEADOW GLADE COURT","LITHONIA","GA",30038,33.692027475,-84.196616083,302,"3152 MEADOW GLADE COURT, LITHONIA, GA, 30038","Match","Exact","3152 MEADOW GLADE CT, LITHONIA, GA, 30038",23396211,"L"
168803,"3152 N JOG RD APT 10203","WEST PALM BEACH","FL",33411,26.7238948620001,-80.1507555109999,303,"3152 N JOG RD APT 10203, WEST PALM BEACH, FL, 33411","Match","Non_Exact","3152 N JOG RD, WEST PALM BEACH, FL, 33411",650148422,"R"
168804,"3152 N MAIN ST","CROSSVILLE","TN",38555,35.991023226,-85.0390753359999,304,"3152 N MAIN ST, CROSSVILLE, TN, 38555","Match","Exact","3152 N MAIN ST, CROSSVILLE, TN, 38555",608798672,"R"
168805,"3152 NANSEMOND LOOP","VA BEACH","VA",23456,36.7418195540001,-76.0811027619999,305,"3152 NANSEMOND LOOP, VA BEACH, VA, 23456","Match","Exact","3152 NANSEMOND LOOP, VA BCH, VA, 23456",122287615,"L"
168806,"3152 OSCEOLA STREET","SAINT LOUIS","MO",63111,38.5767507030001,-90.240123927,306,"3152 OSCEOLA STREET, SAINT LOUIS, MO, 63111","Match","Exact","3152 OSCEOLA ST, SAINT LOUIS, MO, 63111",605137115,"L"
168807,"3152 PLYMOUTH ROAD","LAFAYETTE","CA",94549,37.9058504390001,-122.091229733,307,"3152 PLYMOUTH ROAD, LAFAYETTE, CA, 94549","Match","Exact","3152 PLYMOUTH RD, LAFAYETTE, CA, 94549",192049016,"R"
168808,"3152 SANDS PLACE","BRONX","NY",10461,40.8509553580001,-73.8285683989999,308,"3152 SANDS PLACE, BRONX, NY, 10461","Match","Exact","3152 SANDS PL, BRONX, NY, 10461",80306739,"R"
168809,"3152 SOUTH 1420  EAST","ST GEORGE","UT",84790,37.054718639,-113.553285241,309,"3152 SOUTH 1420  EAST, ST GEORGE, UT, 84790","Match","Non_Exact","3152 S 1420 ST E, SAINT GEORGE, UT, 84790",607554328,"R"
168810,"3152 WILLOW HAVEN COURT","THOUSAND OAKS","CA",91362,34.222436562,-118.82391576,310,"3152 WILLOW HAVEN COURT, THOUSAND OAKS, CA, 91362","Match","Exact","3152 WILLOW HAVEN CT, THOUSAND OAKS, CA, 91362",110089953,"R"
168811,"31520 HANKS","MAGNOLIA","TX",77355,30.2014393210001,-95.752462528,311,"31520 HANKS, MAGNOLIA, TX, 77355","Match","Non_Exact","31520 HANKS RD, MAGNOLIA, TX, 77355",79277169,"L"
168812,"31520 N CHIPMONK RD","CHATTAROY","WA",99003,47.941772035,-117.307663544,312,"31520 N CHIPMONK RD, CHATTAROY, WA, 99003","Match","Exact","31520 N CHIPMONK RD, CHATTAROY, WA, 99003",605685964,"R"
168813,"31523 WHITEFIELD CT","MURRIETA","CA",92563,33.561744467,-117.110838946,313,"31523 WHITEFIELD CT, MURRIETA, CA, 92563","Match","Exact","31523 WHITEFIELD CT, MURRIETA, CA, 92563",608999473,"L"
168814,"31525 23 MILE","CHESTERFIELD","MI",48047,NA,NA,314,"31525 23 MILE, CHESTERFIELD, MI, 48047","No_Match",NA,NA,NA,NA
168815,"31525 TARA BLVD W","SPANISH FORT","AL",36527,30.684760296,-87.8946845839999,315,"31525 TARA BLVD W, SPANISH FORT, AL, 36527","Match","Exact","31525 TARA BLVD W, SPANISH FORT, AL, 36527",131665195,"L"
168816,"31526 SOUTH WILL CENTER ROAD","PEOTONE","IL",60468,41.3178177950001,-87.727384112,316,"31526 SOUTH WILL CENTER ROAD, PEOTONE, IL, 60468","Match","Exact","31526 S WILL CENTER RD, PEOTONE, IL, 60468",111528072,"L"
168817,"31528 BUGLE LANE","WESLEY CHAPEL","FL",33543,28.224934494,-82.294173642,317,"31528 BUGLE LANE, WESLEY CHAPEL, FL, 33543","Match","Exact","31528 BUGLE LN, WESLEY CHAPEL, FL, 33543",86372383,"L"
168818,"3153 DRISCOLL RD","FREMONT","CA",94539,37.5355356800001,-121.953364303,318,"3153 DRISCOLL RD, FREMONT, CA, 94539","Match","Exact","3153 DRISCOLL RD, FREMONT, CA, 94539",125083956,"L"
168819,"3153 HELEN","DETROIT","MI",48207,42.361518172,-83.01291537,319,"3153 HELEN, DETROIT, MI, 48207","Match","Non_Exact","3153 HELEN ST, DETROIT, MI, 48207",95483726,"L"
168820,"3153 HIGHWAY 3447","MCKEE","KY",40447,37.519670154,-84.118843371,320,"3153 HIGHWAY 3447, MCKEE, KY, 40447","Match","Non_Exact","3153 STATE HWY 3447, MCKEE, KY, 40447",627486179,"L"
168821,"3153 PATTIZ AVE","LONG BEACH","CA",90808,33.8126592680001,-118.093049287,321,"3153 PATTIZ AVE, LONG BEACH, CA, 90808","Match","Exact","3153 PATTIZ AVE, LONG BEACH, CA, 90808",141746574,"L"
168822,"3153 SUMMERS ROAD","KEEGO HARBOR","MI",48320,42.601229108,-83.345506739,322,"3153 SUMMERS ROAD, KEEGO HARBOR, MI, 48320","Match","Exact","3153 SUMMERS RD, KEEGO HARBOR, MI, 48320",627812655,"L"
168823,"3153 W DIVERSEY AVE","CHICAGO","IL",60647,41.9320251770001,-87.706904777,323,"3153 W DIVERSEY AVE, CHICAGO, IL, 60647","Match","Exact","3153 W DIVERSEY AVE, CHICAGO, IL, 60647",616789587,"L"
168824,"3153 WAGON TRAIL RD","PEARLAND","TX",77584,NA,NA,324,"3153 WAGON TRAIL RD, PEARLAND, TX, 77584","Tie",NA,NA,NA,NA
168825,"3153 WEST ROME AVE","ANAHEIM","CA",92804,33.820555975,-117.999967101,325,"3153 WEST ROME AVE, ANAHEIM, CA, 92804","Match","Exact","3153 W ROME AVE, ANAHEIM, CA, 92804",144116733,"R"
168826,"31530 W 84TH TER","DE SOTO","KS",66018,38.975100668,-94.95175267,326,"31530 W 84TH TER, DE SOTO, KS, 66018","Match","Exact","31530 W 84TH TER, DE SOTO, KS, 66018",633212531,"L"
168827,"31535 RUSH STREET","GARDEN CITY","MI",48136,42.338662895,-83.3523765049999,327,"31535 RUSH STREET, GARDEN CITY, MI, 48136","Match","Non_Exact","31535 RUSH ST, GARDEN CITY, MI, 48135",95428022,"L"
168828,"3154 COPIAH COVE","MEMPHIS","TN",38119,35.061939496,-89.810701352,328,"3154 COPIAH COVE, MEMPHIS, TN, 38119","Match","Exact","3154 COPIAH COVE, MEMPHIS, TN, 38119",72973460,"R"
168829,"3154 DAVID COURT","EDGEWOOD","KY",41017,38.9973548740001,-84.5556386009999,329,"3154 DAVID COURT, EDGEWOOD, KY, 41017","Match","Exact","3154 DAVID CT, EDGEWOOD, KY, 41017",103877976,"R"
168830,"3154 E 49TH STREET","CLEVELAND","OH",44127,41.4720830520001,-81.6572707349999,330,"3154 E 49TH STREET, CLEVELAND, OH, 44127","Match","Exact","3154 E 49TH ST, CLEVELAND, OH, 44127",61113444,"R"
168831,"3154 GLENDALE BLVD  SUITE 1186","LOS ANGELES","CA",90039,34.116942814,-118.261770485,331,"3154 GLENDALE BLVD  SUITE 1186, LOS ANGELES, CA, 90039","Match","Exact","3154 GLENDALE BLVD, LOS ANGELES, CA, 90039",141610483,"R"
168832,"3154 GLENDALE BLVD NUMBER 1104","LOS ANGELES","CA",90039,34.116942814,-118.261770485,332,"3154 GLENDALE BLVD NUMBER 1104, LOS ANGELES, CA, 90039","Match","Exact","3154 GLENDALE BLVD, LOS ANGELES, CA, 90039",141610483,"R"
168833,"3154 GRATIOT AVE","PORT HURON","MI",48060,43.011007609,-82.429399845,333,"3154 GRATIOT AVE, PORT HURON, MI, 48060","Match","Exact","3154 GRATIOT AVE, PORT HURON, MI, 48060",110968430,"R"
168834,"3154 LAKESIDE DR APT 204","GRAND JUNCTION","CO",81506,39.0989255490001,-108.555734037,334,"3154 LAKESIDE DR APT 204, GRAND JUNCTION, CO, 81506","Match","Exact","3154 LAKESIDE DR, GRAND JCT, CO, 81506",122465078,"L"
168835,"3154 RIDGEVIEW RD","CADDO MILLS","TX",75135,33.0467206550001,-96.195065627,335,"3154 RIDGEVIEW RD, CADDO MILLS, TX, 75135","Match","Exact","3154 RIDGEVIEW RD, CADDO MILLS, TX, 75135",642336119,"R"
168836,"3154 SUMMIT CREST SW","ATLANTA","GA",30311,33.7052773940001,-84.493714088,336,"3154 SUMMIT CREST SW, ATLANTA, GA, 30311","Match","Non_Exact","3154 SUMMIT CRST, ATLANTA, GA, 30311",618356441,"R"
168837,"31544 FOX GRAPE DR","WINCHESTER","CA",92596,33.619364617,-117.109096964,337,"31544 FOX GRAPE DR, WINCHESTER, CA, 92596","Match","Exact","31544 FOX GRAPE DR, WINCHESTER, CA, 92596",630360814,"L"
168838,"3155 310TH AVENUE","ST EDWARD","NE",68660,41.6042296460001,-97.888888375,338,"3155 310TH AVENUE, ST EDWARD, NE, 68660","Match","Exact","3155 310TH AVE, SAINT EDWARD, NE, 68660",161719706,"L"
168839,"3155 BLUESTEM DR NUM 372","WEST FARGO","ND",58078,46.834232538,-96.8848784469999,339,"3155 BLUESTEM DR NUM 372, WEST FARGO, ND, 58078","Match","Exact","3155 BLUESTEM DR, WEST FARGO, ND, 58078",643021181,"L"
168840,"3155 BONHAM","INDIANAPOLIS","IN",46222,39.8123301900001,-86.214054177,340,"3155 BONHAM, INDIANAPOLIS, IN, 46222","Match","Non_Exact","3155 BONHAM DR, INDIANAPOLIS, IN, 46222",107985613,"R"
168841,"3155 BROWN LOOP","DUPONT","WA",98327,47.097986222,-122.678259492,341,"3155 BROWN LOOP, DUPONT, WA, 98327","Match","Exact","3155 BROWN LOOP, DUPONT, WA, 98327",625031161,"R"
168842,"3155 CHAPEL OAKS DRIVE APT 306","COPPELL","TX",75019,32.9320650610001,-96.987239185,342,"3155 CHAPEL OAKS DRIVE APT 306, COPPELL, TX, 75019","Match","Exact","3155 CHAPEL OAKS DR, COPPELL, TX, 75019",646662986,"L"
168843,"3155 DALLAVO CT","COMMERCE","MI",48390,42.5678216900001,-83.4531957139999,343,"3155 DALLAVO CT, COMMERCE, MI, 48390","Match","Non_Exact","3155 DALLAVO CT, COMMERCE TOWNSHIP, MI, 48390",69837746,"L"
168844,"3155 DOVER COURT","DULUTH","GA",30096,33.988579375,-84.138065105,344,"3155 DOVER COURT, DULUTH, GA, 30096","Match","Non_Exact","3155 DOVER CT NW, DULUTH, GA, 30096",88885305,"R"
168845,"3155 E SEDONA CT STE A","ONTARIO","CA",91786,34.068856801,-117.583335877,345,"3155 E SEDONA CT STE A, ONTARIO, CA, 91786","Match","Non_Exact","3155 SEDONA CT, ONTARIO, CA, 91764",619660819,"L"
168846,"3155 ELIZABETH ST","DENVER","CO",80205,39.7618100670001,-104.956105384,346,"3155 ELIZABETH ST, DENVER, CO, 80205","Match","Exact","3155 ELIZABETH ST, DENVER, CO, 80205",177310426,"L"
168847,"3155 FLAGLER AVENUE","KEY WEST","FL",33040,24.5620120290001,-81.763642223,347,"3155 FLAGLER AVENUE, KEY WEST, FL, 33040","Match","Exact","3155 FLAGLER AVE, KEY WEST, FL, 33040",612191734,"R"
168848,"3155 GRAND CONCOURSE APT 6E","BRONX","NY",10468,40.8758219750001,-73.886217932,348,"3155 GRAND CONCOURSE APT 6E, BRONX, NY, 10468","Match","Exact","3155 GRAND CONCOURSE, BRONX, NY, 10468",640811573,"L"
168849,"3155 HEMBREE TRACE DRIVE","MARIETTA","GA",30062,34.0271582730001,-84.441992016,349,"3155 HEMBREE TRACE DRIVE, MARIETTA, GA, 30062","Match","Exact","3155 HEMBREE TRACE DR, MARIETTA, GA, 30062",17221135,"R"
168850,"3155 HIGHWAY 326","SOUR LAKE","TX",77659,NA,NA,350,"3155 HIGHWAY 326, SOUR LAKE, TX, 77659","No_Match",NA,NA,NA,NA
168851,"3155 HILLDALE RD","FORT WORTH","TX",76116,32.7282873890001,-97.423154398,351,"3155 HILLDALE RD, FORT WORTH, TX, 76116","Match","Exact","3155 HILLDALE RD, FORT WORTH, TX, 76116",101880008,"L"
168852,"3155 LA MANCHA WAY","HENDERSON","NV",89014,36.0591575180001,-115.086229348,352,"3155 LA MANCHA WAY, HENDERSON, NV, 89014","Match","Exact","3155 LA MANCHA WAY, HENDERSON, NV, 89014",201992111,"R"
168853,"3155 MARICOPA AVE","LAKE HAVASU CITY","AZ",86406,34.456983746,-114.28571338,353,"3155 MARICOPA AVE, LAKE HAVASU CITY, AZ, 86406","Match","Exact","3155 MARICOPA AVE, LAKE HAVASU CITY, AZ, 86406",649953828,"R"
168854,"3155 MARSEILLERS WAY","WEST VALLEY CITY","UT",84119,NA,NA,354,"3155 MARSEILLERS WAY, WEST VALLEY CITY, UT, 84119","No_Match",NA,NA,NA,NA
168855,"3155 MILL STREET NE","COVINGTON","GA",30014,33.5977847400001,-83.8504263139999,355,"3155 MILL STREET NE, COVINGTON, GA, 30014","Match","Exact","3155 MILL ST NE, COVINGTON, GA, 30014",23616115,"L"
168856,"3155 MLK BLVD","CLEVELAND","OH",44105,NA,NA,356,"3155 MLK BLVD, CLEVELAND, OH, 44105","No_Match",NA,NA,NA,NA
168857,"3155 N 46TH STREET","MILWAUKEE","WI",53216,43.0763998360001,-87.9710266769999,357,"3155 N 46TH STREET, MILWAUKEE, WI, 53216","Match","Exact","3155 N 46TH ST, MILWAUKEE, WI, 53216",77732169,"L"
168858,"3155 NW 55 ST","MIAMI","FL",33142,25.824651891,-80.248001685,358,"3155 NW 55 ST, MIAMI, FL, 33142","Match","Exact","3155 NW 55TH ST, MIAMI, FL, 33142",116001738,"R"
168859,"3155 ROSS ROAD","PALO ALTO","CA",94303,37.4319390730001,-122.120731056,359,"3155 ROSS ROAD, PALO ALTO, CA, 94303","Match","Exact","3155 ROSS RD, PALO ALTO, CA, 94303",122951544,"L"
168860,"3155 S MARSEILLES WAY","WEST VALLEY CITY","UT",84119,40.702699002,-111.934365407,360,"3155 S MARSEILLES WAY, WEST VALLEY CITY, UT, 84119","Match","Exact","3155 S MARSEILLES WAY, WEST VALLEY CITY, UT, 84119",609019720,"L"
168861,"3155 SE 80TH AVE","PORTLAND","OR",97206,45.499622479,-122.580873612,361,"3155 SE 80TH AVE, PORTLAND, OR, 97206","Match","Exact","3155 SE 80TH AVE, PORTLAND, OR, 97206",157516714,"R"
168862,"3155 SOUTH LANCASTER RD STE 200","DALLAS","TX",75216,32.7090562650001,-96.8025685169999,362,"3155 SOUTH LANCASTER RD STE 200, DALLAS, TX, 75216","Match","Exact","3155 S LANCASTER RD, DALLAS, TX, 75216",102951309,"R"
168863,"3155 TIFFANY DRIVE","MIRA LOMA","CA",91752,34.031310304,-117.512632612,363,"3155 TIFFANY DRIVE, MIRA LOMA, CA, 91752","Match","Exact","3155 TIFFANY DR, MIRA LOMA, CA, 91752",194732555,"L"
168864,"31556 B HWY 97 N","TONASKET","WA",98855,48.7145417990001,-119.434285546,364,"31556 B HWY 97 N, TONASKET, WA, 98855","Match","Non_Exact","31556 US HWY 97 N, TONASKET, WA, 98855",653008199,"R"
168865,"31556 RAILROAD CANYON RD","CANYON LAKE","CA",92587,33.671811287,-117.261223686,365,"31556 RAILROAD CANYON RD, CANYON LAKE, CA, 92587","Match","Exact","31556 RAILROAD CANYON RD, CANYON LAKE, CA, 92587",194707652,"R"
168866,"3156 BRADFIELD DRIVE","NOLENSVILLE","TN",37135,35.944647214,-86.655120208,366,"3156 BRADFIELD DRIVE, NOLENSVILLE, TN, 37135","Match","Exact","3156 BRADFIELD DR, NOLENSVILLE, TN, 37135",648257456,"L"
168867,"3156 CHERRY VALLEY DRIVE","ATLANTA","GA",30316,33.6927301470001,-84.31578501,367,"3156 CHERRY VALLEY DRIVE, ATLANTA, GA, 30316","Match","Non_Exact","3156 CHERRY VALLEY DR SE, ATLANTA, GA, 30316",23368068,"L"
168868,"3156 COUNTY ROAD 378","DUTTON","AL",35744,34.6448614550001,-85.865800658,368,"3156 COUNTY ROAD 378, DUTTON, AL, 35744","Match","Exact","3156 CO RD 378, DUTTON, AL, 35744",58039861,"L"
168869,"3156 KINGS GLEN TRAIL","DECATUR","GA",30034,33.6809764760001,-84.26005922,369,"3156 KINGS GLEN TRAIL, DECATUR, GA, 30034","Match","Exact","3156 KINGS GLEN TRL, DECATUR, GA, 30034",23403548,"L"
168870,"3156 LA LINDA CT SE","PORT ORCHARD","WA",98366,47.5066352900001,-122.613167001,370,"3156 LA LINDA CT SE, PORT ORCHARD, WA, 98366","Match","Exact","3156 LA LINDA CT SE, PORT ORCHARD, WA, 98366",187645459,"L"
168871,"3156 LAKESIDE DRIVE  NUMBER103","GRAND JUNCTION","CO",81506,39.098879605,-108.555731181,371,"3156 LAKESIDE DRIVE  NUMBER103, GRAND JUNCTION, CO, 81506","Match","Exact","3156 LAKESIDE DR, GRAND JCT, CO, 81506",122465078,"L"
168872,"3156 LAKESIDE DRIVE SUITE 103","GRAND JUNCTION","CO",81506,39.098879605,-108.555731181,372,"3156 LAKESIDE DRIVE SUITE 103, GRAND JUNCTION, CO, 81506","Match","Exact","3156 LAKESIDE DR, GRAND JCT, CO, 81506",122465078,"L"
168873,"3156 LYNSCOTT DR","MARINA","CA",93933,36.6783093240001,-121.782036613,373,"3156 LYNSCOTT DR, MARINA, CA, 93933","Match","Exact","3156 LYNSCOTT DR, MARINA, CA, 93933",196817513,"R"
168874,"3156 PERSHALL ROAD SUITE 148","FERGUSON","MO",63136,38.7706714060001,-90.277115878,374,"3156 PERSHALL ROAD SUITE 148, FERGUSON, MO, 63136","Match","Non_Exact","3156 PERSHALL RD, SAINT LOUIS, MO, 63136",649640665,"L"
168875,"3156 REEVES ST","SMYRNA","GA",30080,33.878651415,-84.527713574,375,"3156 REEVES ST, SMYRNA, GA, 30080","Match","Exact","3156 REEVES ST, SMYRNA, GA, 30080",17218878,"L"
168876,"3156 ROYAL LN","DALLAS","TX",75229,32.8950874060001,-96.872872205,376,"3156 ROYAL LN, DALLAS, TX, 75229","Match","Exact","3156 ROYAL LN, DALLAS, TX, 75229",103243608,"L"
168877,"3156 W NORTHGATE DR STE 2024","IRVING","TX",75062,32.856187203,-96.989534643,377,"3156 W NORTHGATE DR STE 2024, IRVING, TX, 75062","Match","Non_Exact","3156 W NORTHGATE DR, IRVING, TX, 75062",103236701,"L"
168878,"3156 WEST 38TH AVE","DENVER","CO",80211,39.7693682080001,-105.028357005,378,"3156 WEST 38TH AVE, DENVER, CO, 80211","Match","Exact","3156 W 38TH AVE, DENVER, CO, 80211",177300862,"L"
168879,"31562 HIGHWAY 97","TONASKET","WA",98885,NA,NA,379,"31562 HIGHWAY 97, TONASKET, WA, 98885","No_Match",NA,NA,NA,NA
168880,"3156S CO RD 850 E","GREENSBURG","IN",47240,NA,NA,380,"3156S CO RD 850 E, GREENSBURG, IN, 47240","Tie",NA,NA,NA,NA
168881,"3157 5TH AVENUE","SACRAMENTO","CA",95817,38.5493632180001,-121.473417706,381,"3157 5TH AVENUE, SACRAMENTO, CA, 95817","Match","Exact","3157 5TH AVE, SACRAMENTO, CA, 95817",133419047,"L"
168882,"3157 BIRCH BARK LANE","OKLAHOMA CITY","OK",73120,35.5887830200001,-97.5734439619999,382,"3157 BIRCH BARK LANE, OKLAHOMA CITY, OK, 73120","Match","Exact","3157 BIRCH BARK LN, OKLAHOMA CITY, OK, 73120",100422590,"R"
168883,"3157 CHATHAM ROAD","HALIFAX","VA",24558,36.7890403000001,-79.007492581,383,"3157 CHATHAM ROAD, HALIFAX, VA, 24558","Match","Exact","3157 CHATHAM RD, HALIFAX, VA, 24558",90315734,"L"
168884,"3157 DAMASCUS ROAD","AUGUSTA","GA",30909,33.462876056,-82.049467358,384,"3157 DAMASCUS ROAD, AUGUSTA, GA, 30909","Match","Exact","3157 DAMASCUS RD, AUGUSTA, GA, 30909",648329744,"R"
168885,"3157 ESHA COURT","ATLANTA","GA",30311,33.7041250300001,-84.49387553,385,"3157 ESHA COURT, ATLANTA, GA, 30311","Match","Exact","3157 ESHA CT, ATLANTA, GA, 30311",618356440,"R"
168886,"3157 EWART DRIVE","PITTSBURGH","PA",15219,40.4486853820001,-79.960058886,386,"3157 EWART DRIVE, PITTSBURGH, PA, 15219","Match","Exact","3157 EWART DR, PITTSBURGH, PA, 15219",51693804,"L"
168887,"3157 FARNAM STREET  SUITE 7107B","OMAHA","NE",68131,41.2577024450001,-95.959824087,387,"3157 FARNAM STREET  SUITE 7107B, OMAHA, NE, 68131","Match","Exact","3157 FARNAM ST, OMAHA, NE, 68131",116984520,"L"
168888,"3157 FUTURE STREET","LOS ANGELES","CA",90065,34.101103439,-118.229667922,388,"3157 FUTURE STREET, LOS ANGELES, CA, 90065","Match","Exact","3157 FUTURE ST, LOS ANGELES, CA, 90065",141612256,"L"
168889,"3157 GENTILLY BLVD     NUMBER 2253","NEW ORLEANS","LA",70122,29.9992923340001,-90.0597084139999,389,"3157 GENTILLY BLVD     NUMBER 2253, NEW ORLEANS, LA, 70122","Match","Exact","3157 GENTILLY BLVD, NEW ORLEANS, LA, 70122",191715154,"L"
168890,"3157 GENTILLY BLVD    SUITE  2005","NEW ORLEANS","LA",70122,29.9992923340001,-90.0597084139999,390,"3157 GENTILLY BLVD    SUITE  2005, NEW ORLEANS, LA, 70122","Match","Exact","3157 GENTILLY BLVD, NEW ORLEANS, LA, 70122",191715154,"L"
168891,"3157 GENTILLY BLVD  NO 161","NEW ORLEANS","LA",70122,29.9992923340001,-90.0597084139999,391,"3157 GENTILLY BLVD  NO 161, NEW ORLEANS, LA, 70122","Match","Non_Exact","3157 GENTILLY BLVD, NEW ORLEANS, LA, 70122",191715154,"L"
168892,"3157 GENTILLY BLVD 2294","NEW ORLEANS","LA",70122,29.9992923340001,-90.0597084139999,392,"3157 GENTILLY BLVD 2294, NEW ORLEANS, LA, 70122","Match","Exact","3157 GENTILLY BLVD, NEW ORLEANS, LA, 70122",191715154,"L"
168893,"3157 GENTILLY BLVD SUITE SUITE 2163","NEW ORLEANS","LA",70122,29.9992923340001,-90.0597084139999,393,"3157 GENTILLY BLVD SUITE SUITE 2163, NEW ORLEANS, LA, 70122","Match","Exact","3157 GENTILLY BLVD, NEW ORLEANS, LA, 70122",191715154,"L"
168894,"3157 KINGS BAY DR","DECATUR","GA",30034,33.6920159050001,-84.282170464,394,"3157 KINGS BAY DR, DECATUR, GA, 30034","Match","Exact","3157 KINGS BAY DR, DECATUR, GA, 30034",619384499,"L"
168895,"3157 N RAINBOW BLVD 292","LAS VEGAS","NV",89108,36.2169935470001,-115.242295564,395,"3157 N RAINBOW BLVD 292, LAS VEGAS, NV, 89108","Match","Non_Exact","3157 N RAINBOW BLVD, LAS VEGAS, NV, 89108",201899562,"L"
168896,"3157 OUTING CT","GREEN BAY","WI",54313,44.526971329,-88.127780672,396,"3157 OUTING CT, GREEN BAY, WI, 54313","Match","Exact","3157 OUTING CT, GREEN BAY, WI, 54313",148120102,"L"
168897,"3157 PALERMO AVENUE","VINELAND","NJ",8361,39.4425446340001,-74.970425058,397,"3157 PALERMO AVENUE, VINELAND, NJ, 8361","Match","Exact","3157 PALERMO AVE, VINELAND, NJ, 08361",174126920,"R"
168898,"3157 ROSS DR","VALLEY SPRINGS","CA",95252,38.173864178,-120.861153353,398,"3157 ROSS DR, VALLEY SPRINGS, CA, 95252","Match","Exact","3157 ROSS DR, VALLEY SPRINGS, CA, 95252",102245349,"L"
168899,"3157 SAWYER COURT NE","MARIETTA","GA",30066,34.0572762780001,-84.463087332,399,"3157 SAWYER COURT NE, MARIETTA, GA, 30066","Match","Non_Exact","3157 SAWYER CT, MARIETTA, GA, 30066",17198704,"L"
168900,"3157 SHIPPS CORNER ROAD STE 105","VIRGINIA BEACH","VA",23453,36.79265235,-76.078685805,400,"3157 SHIPPS CORNER ROAD STE 105, VIRGINIA BEACH, VA, 23453","Match","Exact","3157 SHIPPS CORNER RD, VIRGINIA BCH, VA, 23453",122279604,"L"
168901,"3157 TAMIAMI TRAIL 3157  PMB 325","PUNTA GORDA","FL",33950,26.9104606550001,-82.042186613,401,"3157 TAMIAMI TRAIL 3157  PMB 325, PUNTA GORDA, FL, 33950","Match","Exact","3157 TAMIAMI TRL, PUNTA GORDA, FL, 33950",647540441,"R"
168902,"3157 VARCROFT ROAD","KNIGHTDALE","NC",27545,35.7710857800001,-78.4455208479999,402,"3157 VARCROFT ROAD, KNIGHTDALE, NC, 27545","Match","Exact","3157 VARCROFT RD, KNIGHTDALE, NC, 27545",612814616,"L"
168903,"3157 W BARRY DR","LAKE GENEVA","WI",53147,42.5908669560001,-88.418492375,403,"3157 W BARRY DR, LAKE GENEVA, WI, 53147","Match","Exact","3157 W BARRY DR, LAKE GENEVA, WI, 53147",53671894,"R"
168904,"3157 WOODS CIRCLE","DAVIS","CA",95616,38.5587288560001,-121.787180079,404,"3157 WOODS CIRCLE, DAVIS, CA, 95616","Match","Exact","3157 WOODS CIR, DAVIS, CA, 95616",67705872,"R"
168905,"31571 BUSINESS ROUTE 36 EAST","MACON","MO",63552,NA,NA,405,"31571 BUSINESS ROUTE 36 EAST, MACON, MO, 63552","No_Match",NA,NA,NA,NA
168906,"31573 RANCHO PUEBLO RD STE 100","TEMECULA","CA",92592,33.4795382190001,-117.109810501,406,"31573 RANCHO PUEBLO RD STE 100, TEMECULA, CA, 92592","Match","Exact","31573 RANCHO PUEBLO RD, TEMECULA, CA, 92592",644888590,"R"
168907,"3158 6","WAYLAND","MI",49348,42.649308154,-85.60347547,407,"3158 6, WAYLAND, MI, 49348","Match","Non_Exact","3158 6TH ST, WAYLAND, MI, 49348",11434401,"L"
168908,"3158 ALBANY CRES","BRONX","NY",10463,40.8795680850001,-73.9020819849999,408,"3158 ALBANY CRES, BRONX, NY, 10463","Match","Exact","3158 ALBANY CRES, BRONX, NY, 10463",641639164,"R"
168909,"3158 AVALON ST","PITTSBURGH","PA",15219,40.448292349,-79.960518673,409,"3158 AVALON ST, PITTSBURGH, PA, 15219","Match","Exact","3158 AVALON ST, PITTSBURGH, PA, 15219",51642699,"R"
168910,"3158 BEACH LAKE DR E","MILFORD","MI",48380,42.5575676810001,-83.7018236929999,410,"3158 BEACH LAKE DR E, MILFORD, MI, 48380","Match","Exact","3158 BEACH LAKE DR E, MILFORD, MI, 48380",23560964,"L"
168911,"3158 BROMLEY LANE","AURORA","IL",60502,41.777117129,-88.23805435,411,"3158 BROMLEY LANE, AURORA, IL, 60502","Match","Exact","3158 BROMLEY LN, AURORA, IL, 60502",112683302,"L"
168912,"3158 FOXTAIL COURT","WESTLAKE VILLAGE","CA",91362,34.218783864,-118.817795027,412,"3158 FOXTAIL COURT, WESTLAKE VILLAGE, CA, 91362","Match","Exact","3158 FOXTAIL CT, WESTLAKE VILLAGE, CA, 91362",110023177,"R"
168913,"3158 HADDINGTON DRIVE","LOS ANGELES","CA",90064,34.03395835,-118.413941626,413,"3158 HADDINGTON DRIVE, LOS ANGELES, CA, 90064","Match","Exact","3158 HADDINGTON DR, LOS ANGELES, CA, 90064",141573574,"L"
168914,"3158 MIDLAND ROAD","MIDLAND","VA",22728,38.529605098,-77.63528408,414,"3158 MIDLAND ROAD, MIDLAND, VA, 22728","Match","Exact","3158 MIDLAND RD, MIDLAND, VA, 22728",146302230,"R"
168915,"3158 MISSION STREET","SAN FRANCISCO","CA",94110,37.74663364,-122.419220312,415,"3158 MISSION STREET, SAN FRANCISCO, CA, 94110","Match","Exact","3158 MISSION ST, SAN FRANCISCO, CA, 94110",192288541,"R"
168916,"3158 NEW HAMPSHIRE DR","CORONA","CA",92881,33.836132735,-117.549611138,416,"3158 NEW HAMPSHIRE DR, CORONA, CA, 92881","Match","Exact","3158 NEW HAMPSHIRE DR, CORONA, CA, 92881",194835315,"L"
168917,"3158 NEW HAMPSHIRE DRIVE","CORONA","CA",92881,33.836132735,-117.549611138,417,"3158 NEW HAMPSHIRE DRIVE, CORONA, CA, 92881","Match","Exact","3158 NEW HAMPSHIRE DR, CORONA, CA, 92881",194835315,"L"
168918,"3158 NW 92ND ST","MIAMI","FL",33147,25.857266816,-80.249534313,418,"3158 NW 92ND ST, MIAMI, FL, 33147","Match","Exact","3158 NW 92ND ST, MIAMI, FL, 33147",115998431,"L"
168919,"3158 PARSIFAL PLACE","BRONX","NY",10465,40.8395940790001,-73.822087734,419,"3158 PARSIFAL PLACE, BRONX, NY, 10465","Match","Exact","3158 PARSIFAL PL, BRONX, NY, 10465",80310639,"R"
168920,"3158 TUCKER ROAD","STREET","MD",21154,39.6324042310001,-76.286229296,420,"3158 TUCKER ROAD, STREET, MD, 21154","Match","Exact","3158 TUCKER RD, STREET, MD, 21154",647533508,"L"
168921,"3158 ULSTER CT","DENVER","CO",80238,39.7612622510001,-104.893354144,421,"3158 ULSTER CT, DENVER, CO, 80238","Match","Non_Exact","3158 N ULSTER CT, DENVER, CO, 80238",640736775,"R"
168922,"3158 WAUCHEETA TRAIL","MADISON","WI",53711,43.0173374230001,-89.3332961149999,422,"3158 WAUCHEETA TRAIL, MADISON, WI, 53711","Match","Exact","3158 WAUCHEETA TRL, MADISON, WI, 53711",49531690,"R"
168923,"3158 WOODSIDE DRIVE","EFFINGHAM","SC",29541,34.1324654790001,-79.781662863,423,"3158 WOODSIDE DRIVE, EFFINGHAM, SC, 29541","Match","Exact","3158 WOODSIDE DR, EFFINGHAM, SC, 29541",640473069,"L"
168924,"31582 CLAY RIVER RD BACK","BARSTOW","CA",92311,34.891200703,-116.973124755,424,"31582 CLAY RIVER RD BACK, BARSTOW, CA, 92311","Match","Exact","31582 CLAY RIVER RD, BARSTOW, CA, 92311",144528026,"R"
168925,"31584 CALLE LA PURISIMA","SAN JUAN CAPISTRANO","CA",92675,33.5045001710001,-117.666326151,425,"31584 CALLE LA PURISIMA, SAN JUAN CAPISTRANO, CA, 92675","Match","Non_Exact","31584 CLL LA PURISIMA, SAN JUAN CAPISTRANO, CA, 92675",144072299,"L"
168926,"31584 MCGREW LANE","POLSON","MT",59860,47.747955625,-114.018486342,426,"31584 MCGREW LANE, POLSON, MT, 59860","Match","Exact","31584 MCGREW LN, POLSON, MT, 59860",206902438,"L"
168927,"3159 DONALD DOUGLAS LOOP S 306","SANTA MONICA","CA",90404,34.0178582140001,-118.445867465,427,"3159 DONALD DOUGLAS LOOP S 306, SANTA MONICA, CA, 90404","Match","Non_Exact","3159 DONALD DOUGLAS LOOP S, SANTA MONICA, CA, 90405",241250462,"R"
168928,"3159 E EDDES ST","WEST COVINA","CA",91791,34.0595514520001,-117.877264933,428,"3159 E EDDES ST, WEST COVINA, CA, 91791","Match","Exact","3159 E EDDES ST, WEST COVINA, CA, 91791",141716387,"L"
168929,"3159 EDWARDS AVE","JACKSON","MS",39213,32.3423959470001,-90.194826577,429,"3159 EDWARDS AVE, JACKSON, MS, 39213","Match","Exact","3159 EDWARDS AVE, JACKSON, MS, 39213",65369500,"L"
168930,"3159 GRACIA STREET","LOS ANGELES","CA",90039,34.113936229,-118.256651685,430,"3159 GRACIA STREET, LOS ANGELES, CA, 90039","Match","Exact","3159 GRACIA ST, LOS ANGELES, CA, 90039",141610705,"L"
168931,"3159 HARRISON AVE","CINCINNATI","OH",45211,39.1528141200001,-84.602173251,431,"3159 HARRISON AVE, CINCINNATI, OH, 45211","Match","Exact","3159 HARRISON AVE, CINCINNATI, OH, 45211",103971482,"L"
168932,"3159 LAND PARK DR","SACRAMENTO","CA",95818,38.5491406940001,-121.499160525,432,"3159 LAND PARK DR, SACRAMENTO, CA, 95818","Match","Exact","3159 LAND PARK DR, SACRAMENTO, CA, 95818",133322578,"L"
168933,"3159 NEWPORT","DETROIT","MI",48215,42.3833371330001,-82.953840456,433,"3159 NEWPORT, DETROIT, MI, 48215","Match","Non_Exact","3159 NEWPORT ST, DETROIT, MI, 48215",95485740,"L"
168934,"3159 OGIDAKI TRAIL","TRAVERSE CITY","MI",49686,44.851129348,-85.5132515879999,434,"3159 OGIDAKI TRAIL, TRAVERSE CITY, MI, 49686","Match","Exact","3159 OGIDAKI TRL, TRAVERSE CITY, MI, 49686",145515442,"R"
168935,"3159 ROYAL AVENUE","OCEANSIDE","CO",11572,NA,NA,435,"3159 ROYAL AVENUE, OCEANSIDE, CO, 11572","No_Match",NA,NA,NA,NA
168936,"3159 SILVERTON DR","DALLAS","TX",75229,32.8994200000001,-96.873427398,436,"3159 SILVERTON DR, DALLAS, TX, 75229","Match","Exact","3159 SILVERTON DR, DALLAS, TX, 75229",103206535,"L"
168937,"3159 TIMBERSTONE HOLLOW COURT","MARIETTA","GA",30067,33.928196074,-84.461738507,437,"3159 TIMBERSTONE HOLLOW COURT, MARIETTA, GA, 30067","Match","Exact","3159 TIMBERSTONE HOLLOW CT, MARIETTA, GA, 30067",17254009,"R"
168938,"3159 W 11TH STREET APT 10","LOS ANGELES","CA",90006,34.050840221,-118.307823558,438,"3159 W 11TH STREET APT 10, LOS ANGELES, CA, 90006","Match","Non_Exact","3159 W 11TH ST, LOS ANGELES, CA, 90006",629804421,"R"
168939,"31592 PALOMAR ROAD","MENIFEE","CA",92584,33.6615736590001,-117.162623718,439,"31592 PALOMAR ROAD, MENIFEE, CA, 92584","Match","Exact","31592 PALOMAR RD, MENIFEE, CA, 92584",651975102,"R"
168940,"31593 MORRIS LEONARD ROAD","PARSONSBURG","MD",21849,38.397939895,-75.517101425,440,"31593 MORRIS LEONARD ROAD, PARSONSBURG, MD, 21849","Match","Exact","31593 MORRIS LEONARD RD, PARSONSBURG, MD, 21849",114485518,"R"
168941,"31596 WINNERS CIRCLE","AVON LAKE","OH",44012,41.4809170660001,-81.971077694,441,"31596 WINNERS CIRCLE, AVON LAKE, OH, 44012","Match","Exact","31596 WINNERS CIR, AVON LAKE, OH, 44012",617718992,"R"
168942,"315A N 33RD STREET","RICHMOND","VA",23223,37.527396916,-77.411403068,442,"315A N 33RD STREET, RICHMOND, VA, 23223","Match","Exact","315 N 33RD ST, RICHMOND, VA, 23223",201548848,"R"
168943,"315B 5TH STREET PO BOX 284","SYRACUSE","NE",68446,40.6571340510001,-96.186001644,443,"315B 5TH STREET PO BOX 284, SYRACUSE, NE, 68446","Match","Exact","315 5TH ST, SYRACUSE, NE, 68446",10398226,"L"
168944,"315BURNT MEADOW ROAD","RINGWOOD","NJ",7456,NA,NA,444,"315BURNT MEADOW ROAD, RINGWOOD, NJ, 7456","No_Match",NA,NA,NA,NA
168945,"316 51ST ST APT 4","OAKLAND","CA",94609,37.834993899,-122.253068179,445,"316 51ST ST APT 4, OAKLAND, CA, 94609","Match","Exact","316 51ST ST, OAKLAND, CA, 94609",606252233,"R"
168946,"316 7TH STREET","BROOKLYN","NY",11215,40.6705884670001,-73.98572344,446,"316 7TH STREET, BROOKLYN, NY, 11215","Match","Exact","316 7TH ST, BROOKLYN, NY, 11215",59075697,"R"
168947,"316 APARTMENT COURT DRIVE APT 62","BATON ROUGE","LA",70806,30.4456997880001,-91.123498626,447,"316 APARTMENT COURT DRIVE APT 62, BATON ROUGE, LA, 70806","Match","Exact","316 APARTMENT COURT DR, BATON ROUGE, LA, 70806",92197242,"L"
168948,"316 ARLINGTON AVE E","SAINT PAUL","MN",55130,44.9845442170001,-93.0870465039999,448,"316 ARLINGTON AVE E, SAINT PAUL, MN, 55130","Match","Exact","316 ARLINGTON AVE E, SAINT PAUL, MN, 55130",97644592,"R"
168949,"316 ASH STREET","JEFFERSON CITY","MO",65101,38.568650071,-92.1619311329999,449,"316 ASH STREET, JEFFERSON CITY, MO, 65101","Match","Exact","316 ASH ST, JEFFERSON CITY, MO, 65101",604584521,"L"
168950,"316 AVENUE B","WESTWEGO","LA",70094,29.9128071530001,-90.141976991,450,"316 AVENUE B, WESTWEGO, LA, 70094","Match","Exact","316 AVE B, WESTWEGO, LA, 70094",93504784,"R"
168951,"316 B BROOKS RD","JACKSON","GA",30233,33.243438553,-84.006330227,451,"316 B BROOKS RD, JACKSON, GA, 30233","Match","Exact","316 BROOKS RD, JACKSON, GA, 30233",637662856,"R"
168952,"316 BAILEY AVENUE STE 100","FORT WORTH","TX",76107,32.7555642030001,-97.365075079,452,"316 BAILEY AVENUE STE 100, FORT WORTH, TX, 76107","Match","Exact","316 BAILEY AVE, FORT WORTH, TX, 76107",101883736,"R"
168953,"316 BAINBRIDGE CIR","GARNER","NC",27529,35.6883343920001,-78.5983858549999,453,"316 BAINBRIDGE CIR, GARNER, NC, 27529","Match","Exact","316 BAINBRIDGE CIR, GARNER, NC, 27529",72512006,"R"
168954,"316 BATTLEFIELD BLVD S STE A","CHESAPEAKE","VA",23322,36.714135712,-76.238487455,454,"316 BATTLEFIELD BLVD S STE A, CHESAPEAKE, VA, 23322","Match","Exact","316 BATTLEFIELD BLVD S, CHESAPEAKE, VA, 23322",643426155,"R"
168955,"316 BEL AIR BLVD SUITE 304","MOBILE","AL",36606,30.6755750940001,-88.118013941,455,"316 BEL AIR BLVD SUITE 304, MOBILE, AL, 36606","Match","Exact","316 BEL AIR BLVD, MOBILE, AL, 36606",61995132,"L"
168956,"316 BELLE AVE","BELLEVILLE","WI",53508,42.8727391210001,-89.5376491659999,456,"316 BELLE AVE, BELLEVILLE, WI, 53508","Match","Exact","316 BELLE AVE, BELLEVILLE, WI, 53508",49497094,"L"
168957,"316 BOLERO DRIVE","DANVILLE","CA",94526,37.802077394,-121.973896368,457,"316 BOLERO DRIVE, DANVILLE, CA, 94526","Match","Exact","316 BOLERO DR, DANVILLE, CA, 94526",192065238,"L"
168958,"316 BOVEE ROAD","SOCORRO","TX",79927,31.636148517,-106.283824992,458,"316 BOVEE ROAD, SOCORRO, TX, 79927","Match","Exact","316 BOVEE RD, SOCORRO, TX, 79927",189402192,"L"
168959,"316 BOXWOOD","MESQUITE","TX",75150,32.8151862180001,-96.6000222979999,459,"316 BOXWOOD, MESQUITE, TX, 75150","Match","Non_Exact","316 BOXWOOD DR, MESQUITE, TX, 75150",102933623,"R"
168960,"316 BRADFORD DR","HENDERSON","NV",89074,36.0502597930001,-115.091428825,460,"316 BRADFORD DR, HENDERSON, NV, 89074","Match","Exact","316 BRADFORD DR, HENDERSON, NV, 89074",201889780,"L"
168961,"316 BRISTOL NW","GRAND RAPIDS","MI",49504,42.969346742,-85.707230102,461,"316 BRISTOL NW, GRAND RAPIDS, MI, 49504","Match","Non_Exact","316 BRISTOL AVE NW, GRAND RAPIDS, MI, 49504",12455752,"R"
168962,"316 BROWER CT","SAN RAMON","CA",94582,37.773502643,-121.913413179,462,"316 BROWER CT, SAN RAMON, CA, 94582","Match","Exact","316 BROWER CT, SAN RAMON, CA, 94582",192115442,"L"
168963,"316 BRYAN HALL FOLEY INSTITUTE WSU","PULLMAN","WA",99164,NA,NA,463,"316 BRYAN HALL FOLEY INSTITUTE WSU, PULLMAN, WA, 99164","No_Match",NA,NA,NA,NA
168964,"316 BUEHLER AVE","NEKOOSA","WI",54457,44.3136424200001,-89.908889646,464,"316 BUEHLER AVE, NEKOOSA, WI, 54457","Match","Exact","316 BUEHLER AVE, NEKOOSA, WI, 54457",51288254,"R"
168965,"316 CADY LANE","CLEVELAND","GA",30528,34.60094545,-83.8263595029999,465,"316 CADY LANE, CLEVELAND, GA, 30528","Match","Exact","316 CADY LN, CLEVELAND, GA, 30528",89037126,"R"
168966,"316 CALIFORNIA AVE 589","RENO","NV",89509,39.5200836560001,-119.814493338,466,"316 CALIFORNIA AVE 589, RENO, NV, 89509","Match","Exact","316 CALIFORNIA AVE, RENO, NV, 89509",107045179,"L"
168967,"316 CALIFORNIA AVE STE 362","RENO","NV",89509,39.5200836560001,-119.814493338,467,"316 CALIFORNIA AVE STE 362, RENO, NV, 89509","Match","Exact","316 CALIFORNIA AVE, RENO, NV, 89509",107045179,"L"
168968,"316 CALIFORNIA AVE SUITE 396","RENO","NV",89509,39.5200836560001,-119.814493338,468,"316 CALIFORNIA AVE SUITE 396, RENO, NV, 89509","Match","Exact","316 CALIFORNIA AVE, RENO, NV, 89509",107045179,"L"
168969,"316 CAMBRIDGE DRIVE","MANCHESTER","KY",40962,37.183159269,-83.780833103,469,"316 CAMBRIDGE DRIVE, MANCHESTER, KY, 40962","Match","Exact","316 CAMBRIDGE DR, MANCHESTER, KY, 40962",634140821,"L"
168970,"316 CARLTON AVENUE 1 FL","BROOKLYN","NY",11205,40.6881959450001,-73.9718636329999,470,"316 CARLTON AVENUE 1 FL, BROOKLYN, NY, 11205","Match","Exact","316 CARLTON AVE, BROOKLYN, NY, 11205",642653450,"R"
168971,"316 CENTRAL STREET","FRANKLIN","NH",3235,43.44374135,-71.6489317859999,471,"316 CENTRAL STREET, FRANKLIN, NH, 3235","Match","Exact","316 CENTRAL ST, FRANKLIN, NH, 03235",117746707,"L"
168972,"316 COLUMBIA DR 1004 B","CARROLLTON","GA",30117,33.598176842,-85.102426026,472,"316 COLUMBIA DR 1004 B, CARROLLTON, GA, 30117","Match","Exact","316 COLUMBIA DR, CARROLLTON, GA, 30117",17138903,"L"
168973,"316 CYPRESS AVENUE","SANTA ANA","CA",92701,33.7431860190001,-117.866390239,473,"316 CYPRESS AVENUE, SANTA ANA, CA, 92701","Match","Exact","316 CYPRESS AVE, SANTA ANA, CA, 92701",144042176,"R"
168974,"316 DAKOTA LANE","COPPELL","TX",75019,32.959855799,-96.998274664,474,"316 DAKOTA LANE, COPPELL, TX, 75019","Match","Exact","316 DAKOTA LN, COPPELL, TX, 75019",103174128,"R"
168975,"316 DAY AVENUE","BAKERSFIELD","CA",93308,35.435224987,-119.018179342,475,"316 DAY AVENUE, BAKERSFIELD, CA, 93308","Match","Exact","316 DAY AVE, BAKERSFIELD, CA, 93308",109081854,"L"
168976,"316 DEL MAR AVE","VALLEJO","CA",94589,38.124040903,-122.24479834,476,"316 DEL MAR AVE, VALLEJO, CA, 94589","Match","Exact","316 DEL MAR AVE, VALLEJO, CA, 94589",192527108,"L"
168977,"316 DOLAN AVENUE","MILL VALLEY","CA",94941,37.8797279340001,-122.52971157,477,"316 DOLAN AVENUE, MILL VALLEY, CA, 94941","Match","Exact","316 DOLAN AVE, MILL VALLEY, CA, 94941",192769508,"R"
168978,"316 DOUGLAS AVE","CRYSTAL LAKE","IL",60014,42.2341487960001,-88.3326919789999,478,"316 DOUGLAS AVE, CRYSTAL LAKE, IL, 60014","Match","Exact","316 DOUGLAS AVE, CRYSTAL LAKE, IL, 60014",119820479,"L"
168979,"316 DRIFTWOOD LANE","AURORA","IL",60504,41.7591917720001,-88.223468882,479,"316 DRIFTWOOD LANE, AURORA, IL, 60504","Match","Exact","316 DRIFTWOOD LN, AURORA, IL, 60504",112581401,"R"
168980,"316 E 166TH ST APT 2","NEW YORK","NY",10456,NA,NA,480,"316 E 166TH ST APT 2, NEW YORK, NY, 10456","No_Match",NA,NA,NA,NA
168981,"316 E 6TH AVE","TARENTUM","PA",15084,NA,NA,481,"316 E 6TH AVE, TARENTUM, PA, 15084","Tie",NA,NA,NA,NA
168982,"316 E 92ND STREET APT 1RW","NEW YORK","NY",10128,40.781504813,-73.9485333389999,482,"316 E 92ND STREET APT 1RW, NEW YORK, NY, 10128","Match","Non_Exact","316 E 92ND ST, NEW YORK, NY, 10128",609098347,"R"
168983,"316 E BRINKERHOFF AVENUE","PALISADES PARK","NJ",7650,40.8423683250001,-73.9905905589999,483,"316 E BRINKERHOFF AVENUE, PALISADES PARK, NJ, 7650","Match","Exact","316 E BRINKERHOFF AVE, PALISADES PARK, NJ, 07650",64390929,"R"
168984,"316 E CENTRAL AVE","PACIFIC","MO",63069,38.4812228380001,-90.737782092,484,"316 E CENTRAL AVE, PACIFIC, MO, 63069","Match","Non_Exact","316 E CENTRAL ST, PACIFIC, MO, 63069",99725739,"R"
168985,"316 E KELSO RD","COLUMBUS","OH",43202,40.0213221720001,-83.004209325,485,"316 E KELSO RD, COLUMBUS, OH, 43202","Match","Exact","316 E KELSO RD, COLUMBUS, OH, 43202",218682979,"L"
168986,"316 E MURRAY ST","WALLACE","NC",28466,34.7381719090001,-77.9936850349999,486,"316 E MURRAY ST, WALLACE, NC, 28466","Match","Exact","316 E MURRAY ST, WALLACE, NC, 28466",13448685,"R"
168987,"316 E PATTERSON AVE","BELLEFONTAINE","OH",43311,40.356872206,-83.7560723679999,487,"316 E PATTERSON AVE, BELLEFONTAINE, OH, 43311","Match","Exact","316 E PATTERSON AVE, BELLEFONTAINE, OH, 43311",52164828,"L"
168988,"316 E SCHMEIZER LANE","BOISE","ID",83706,NA,NA,488,"316 E SCHMEIZER LANE, BOISE, ID, 83706","Tie",NA,NA,NA,NA
168989,"316 E SPRUCE ST","PERKASIE","PA",18944,40.364492639,-75.290614939,489,"316 E SPRUCE ST, PERKASIE, PA, 18944","Match","Exact","316 E SPRUCE ST, PERKASIE, PA, 18944",635467993,"R"
168990,"316 EAST OXFORD","ENID","OK",73701,36.427345992,-97.875748229,490,"316 EAST OXFORD, ENID, OK, 73701","Match","Non_Exact","316 E OXFORD AVE, ENID, OK, 73701",606372580,"L"
168991,"316 EAST PICKENS","DUMAS","AR",71639,NA,NA,491,"316 EAST PICKENS, DUMAS, AR, 71639","No_Match",NA,NA,NA,NA
168992,"316 EAST THIRD STREET","HINSDALE","IL",60521,41.8001878850001,-87.921377981,492,"316 EAST THIRD STREET, HINSDALE, IL, 60521","Match","Exact","316 E 3RD ST, HINSDALE, IL, 60521",112550412,"R"
168993,"316 EAST WOODLAKE CIRCLE","MT WASHINGTON","KY",40047,38.0443644860001,-85.558973652,493,"316 EAST WOODLAKE CIRCLE, MT WASHINGTON, KY, 40047","Match","Exact","316 E WOODLAKE CIR, MOUNT WASHINGTON, KY, 40047",651454575,"R"
168994,"316 EAU CLAIRE STREET","EAU CLAIRE","WI",54703,44.8122693930001,-91.5003715129999,494,"316 EAU CLAIRE STREET, EAU CLAIRE, WI, 54703","Match","Non_Exact","316 EAU CLAIRE ST, EAU CLAIRE, WI, 54701",639209829,"L"
168995,"316 ENGLEWOOD AVE","BELLWOOD","IL",60104,41.8867097420001,-87.884595486,495,"316 ENGLEWOOD AVE, BELLWOOD, IL, 60104","Match","Exact","316 ENGLEWOOD AVE, BELLWOOD, IL, 60104",111727479,"R"
168996,"316 ESSEX STREET","SALEM","MA",1970,42.5208325230001,-70.900021145,496,"316 ESSEX STREET, SALEM, MA, 1970","Match","Exact","316 ESSEX ST, SALEM, MA, 01970",86643549,"R"
168997,"316 F ST","MILLVILLE","NJ",8332,39.4053953170001,-75.035596297,497,"316 F ST, MILLVILLE, NJ, 8332","Match","Exact","316 F ST, MILLVILLE, NJ, 08332",174133061,"L"
168998,"316 FAAS RANCH RD","NEW CASTLE","CO",81647,39.574148016,-107.514305112,498,"316 FAAS RANCH RD, NEW CASTLE, CO, 81647","Match","Exact","316 FAAS RANCH RD, NEW CASTLE, CO, 81647",637539065,"L"
168999,"316 FAIRMOUNT AVENUE","NEWARK","NJ",7103,40.736400173,-74.1962039109999,499,"316 FAIRMOUNT AVENUE, NEWARK, NJ, 7103","Match","Exact","316 FAIRMOUNT AVE, NEWARK, NJ, 07103",63465779,"L"
169000,"316 FERMAN STREET","MILAN","MI",48160,42.087660204,-83.681029419,500,"316 FERMAN STREET, MILAN, MI, 48160","Match","Exact","316 FERMAN ST, MILAN, MI, 48160",26019668,"R"
